route_id,service_id,trip_id,direction_id,block_id,shape_id
795,100319,100319,1,,
795,100320,100320,1,,
795,100321,100321,1,,
795,100322,100322,1,,
795,185060,185060,0,,
795,185061,185061,0,,
795,185062,185062,0,,
795,185063,185063,0,,
795,185064,185064,0,,
795,185065,185065,0,,
795,185066,185066,0,,
795,185067,185067,0,,
795,185068,185068,0,,
795,185069,185069,0,,
795,185070,185070,0,,
795,185071,185071,0,,
795,185072,185072,1,,
795,185073,185073,1,,
795,185074,185074,1,,
795,185075,185075,1,,
795,185076,185076,1,,
795,185077,185077,1,,
795,185078,185078,1,,
795,185079,185079,1,,
795,185080,185080,1,,
795,185081,185081,0,,
795,185082,185082,0,,
795,185083,185083,0,,
795,185084,185084,0,,
795,185085,185085,0,,
795,185086,185086,0,,
795,185087,185087,0,,
795,185088,185088,0,,
795,185089,185089,0,,
795,185090,185090,0,,
795,185091,185091,0,,
795,185092,185092,0,,
795,185093,185093,1,,
795,185094,185094,1,,
795,185095,185095,1,,
795,185096,185096,1,,
795,185097,185097,1,,
795,185098,185098,1,,
795,185099,185099,1,,
795,185100,185100,1,,
795,185101,185101,1,,
796,100415,100415,1,,
796,100416,100416,1,,
796,100417,100417,1,,
796,100418,100418,1,,
796,100419,100419,1,,
796,100420,100420,1,,
796,101523,101523,0,,
796,101524,101524,0,,
796,101619,101619,0,,
796,101620,101620,0,,
796,101621,101621,0,,
796,101622,101622,0,,
796,101623,101623,0,,
796,101624,101624,0,,
797,100059,100059,1,,
797,100060,100060,1,,
797,101420,101420,0,,
797,101421,101421,0,,
798,99812,99812,1,,
798,99813,99813,1,,
798,99814,99814,1,,
798,99815,99815,1,,
798,100695,100695,0,,
798,100696,100696,0,,
798,100697,100697,0,,
798,100698,100698,0,,
799,99741,99741,1,,
799,101122,101122,0,,
800,99972,99972,1,,
800,99973,99973,1,,
800,101063,101063,0,,
800,101064,101064,0,,
800,101065,101065,0,,
800,101066,101066,0,,
800,101067,101067,0,,
801,99740,99740,1,,
801,101120,101120,0,,
801,101121,101121,0,,
801,103793,103793,0,,
801,103794,103794,0,,
801,103795,103795,0,,
801,103954,103954,0,,
801,103955,103955,0,,
801,103956,103956,0,,
801,103957,103957,0,,
801,103958,103958,0,,
801,103959,103959,0,,
801,103960,103960,0,,
801,103961,103961,0,,
801,103962,103962,0,,
801,103963,103963,0,,
801,103964,103964,0,,
802,99677,99677,1,,
802,99678,99678,1,,
802,99679,99679,1,,
802,99680,99680,1,,
802,99681,99681,1,,
802,103940,103940,0,,
802,103941,103941,0,,
802,103942,103942,0,,
802,103943,103943,0,,
802,103944,103944,0,,
803,100279,100279,1,,
803,100280,100280,1,,
803,100281,100281,1,,
803,100282,100282,1,,
803,100283,100283,1,,
803,100284,100284,1,,
803,100285,100285,1,,
803,100286,100286,1,,
803,101180,101180,0,,
803,101181,101181,0,,
803,101182,101182,0,,
803,101183,101183,0,,
803,101184,101184,0,,
803,101185,101185,0,,
803,101186,101186,0,,
803,101871,101871,0,,
803,101872,101872,0,,
804,99705,99705,1,,
804,99706,99706,1,,
804,99733,99733,1,,
804,99734,99734,1,,
804,101108,101108,0,,
804,101109,101109,0,,
804,101110,101110,0,,
805,101024,101024,0,,
805,101025,101025,0,,
805,101026,101026,0,,
805,101027,101027,0,,
805,101028,101028,0,,
805,101029,101029,0,,
805,101030,101030,0,,
805,101031,101031,0,,
805,101032,101032,0,,
805,101033,101033,0,,
805,101034,101034,0,,
805,101035,101035,0,,
805,101036,101036,0,,
805,101037,101037,0,,
805,101038,101038,0,,
805,101039,101039,0,,
805,101040,101040,0,,
805,101041,101041,0,,
805,101792,101792,1,,
805,101793,101793,1,,
806,100102,100102,1,,
806,100103,100103,1,,
806,101269,101269,0,,
806,101270,101270,0,,
806,101271,101271,0,,
807,100287,100287,1,,
807,100288,100288,1,,
807,101187,101187,0,,
807,101188,101188,0,,
808,185003,185003,0,,
808,185005,185005,0,,
808,185007,185007,0,,
808,185008,185008,0,,
808,185009,185009,0,,
808,185010,185010,0,,
810,99488,99488,0,,
810,99489,99489,0,,
810,99558,99558,1,,
810,99559,99559,1,,
811,99707,99707,1,,
811,99708,99708,1,,
811,99709,99709,1,,
811,100574,100574,1,,
811,101794,101794,0,,
811,101795,101795,0,,
812,100181,100181,1,,
812,100182,100182,1,,
812,100183,100183,1,,
812,100184,100184,1,,
812,100185,100185,1,,
812,100572,100572,0,,
812,100573,100573,0,,
812,100848,100848,0,,
812,100849,100849,0,,
812,101001,101001,0,,
812,101002,101002,0,,
812,101003,101003,0,,
813,100311,100311,1,,
813,100312,100312,1,,
813,186228,186228,1,,
813,186229,186229,1,,
813,101224,101224,0,,
813,101225,101225,0,,
813,186230,186230,0,,
813,186231,186231,0,,
814,99818,99818,1,,
814,99819,99819,1,,
814,100703,100703,0,,
814,100704,100704,0,,
815,100304,100304,1,,
815,100305,100305,1,,
815,100306,100306,1,,
815,100307,100307,1,,
815,100308,100308,1,,
815,100309,100309,1,,
815,100310,100310,1,,
815,101203,101203,0,,
815,101204,101204,0,,
815,101205,101205,0,,
815,101220,101220,0,,
815,101221,101221,0,,
815,101222,101222,0,,
815,101223,101223,0,,
816,100476,100476,1,,
816,100477,100477,1,,
816,101318,101318,0,,
816,101319,101319,0,,
817,99695,99695,1,,
817,99696,99696,1,,
817,99697,99697,1,,
817,99698,99698,1,,
817,99699,99699,1,,
817,101087,101087,0,,
817,101088,101088,0,,
818,99682,99682,1,,
818,99683,99683,1,,
818,99684,99684,1,,
818,99685,99685,1,,
818,99686,99686,1,,
818,99687,99687,1,,
818,99688,99688,1,,
818,99689,99689,1,,
818,99690,99690,1,,
818,99691,99691,1,,
818,99692,99692,1,,
818,99693,99693,1,,
818,99694,99694,1,,
818,100961,100961,0,,
818,100962,100962,0,,
818,100963,100963,0,,
818,100964,100964,0,,
818,100965,100965,0,,
818,100966,100966,0,,
818,100967,100967,0,,
818,100968,100968,0,,
818,100969,100969,0,,
818,100970,100970,0,,
818,100971,100971,0,,
818,100972,100972,0,,
818,100973,100973,0,,
818,100974,100974,0,,
818,101077,101077,0,,
818,101080,101080,0,,
818,101081,101081,0,,
818,185001,185001,0,,
818,185002,185002,0,,
819,186100,186100,1,,
819,186101,186101,1,,
819,186102,186102,1,,
819,186103,186103,1,,
819,186104,186104,1,,
819,186105,186105,1,,
819,186106,186106,1,,
819,186107,186107,1,,
819,186108,186108,1,,
819,186109,186109,1,,
819,186110,186110,1,,
819,186111,186111,1,,
819,186112,186112,1,,
819,186113,186113,1,,
819,186114,186114,1,,
819,186115,186115,1,,
819,186116,186116,1,,
819,186117,186117,1,,
819,186118,186118,1,,
819,186119,186119,1,,
819,186120,186120,1,,
819,186121,186121,1,,
819,186122,186122,1,,
819,186123,186123,1,,
819,186124,186124,1,,
819,186125,186125,1,,
819,186126,186126,1,,
819,186127,186127,1,,
819,186128,186128,1,,
819,186129,186129,1,,
819,186130,186130,1,,
819,186131,186131,1,,
819,186132,186132,1,,
819,186133,186133,1,,
819,186134,186134,1,,
819,186135,186135,1,,
819,186136,186136,1,,
819,186137,186137,1,,
819,186138,186138,1,,
819,186139,186139,1,,
819,186140,186140,1,,
819,186141,186141,1,,
819,186142,186142,1,,
819,186143,186143,1,,
819,186144,186144,1,,
819,186145,186145,1,,
819,186146,186146,1,,
819,186147,186147,1,,
819,186148,186148,1,,
819,186149,186149,1,,
819,186150,186150,1,,
819,186151,186151,1,,
819,186152,186152,1,,
819,186153,186153,1,,
819,186154,186154,1,,
819,186155,186155,1,,
819,186156,186156,1,,
819,186157,186157,1,,
819,186158,186158,1,,
819,186159,186159,1,,
819,186160,186160,1,,
819,186161,186161,1,,
819,186162,186162,1,,
819,186163,186163,1,,
819,186164,186164,1,,
819,186165,186165,1,,
819,186166,186166,1,,
819,186167,186167,1,,
819,186168,186168,1,,
819,186169,186169,1,,
819,186170,186170,1,,
819,186171,186171,1,,
819,186172,186172,1,,
819,186173,186173,1,,
819,186174,186174,1,,
819,186175,186175,1,,
819,186176,186176,1,,
819,186177,186177,1,,
819,186178,186178,1,,
819,186179,186179,1,,
819,186180,186180,1,,
819,186181,186181,1,,
819,186182,186182,1,,
819,186183,186183,1,,
819,186184,186184,1,,
819,186185,186185,1,,
819,186186,186186,1,,
819,186187,186187,1,,
819,186188,186188,1,,
819,186189,186189,1,,
819,186190,186190,1,,
819,186191,186191,1,,
819,186192,186192,1,,
819,186193,186193,1,,
819,186194,186194,1,,
819,186195,186195,1,,
819,186196,186196,1,,
819,186197,186197,1,,
819,186198,186198,1,,
819,186199,186199,1,,
819,186200,186200,1,,
819,186201,186201,1,,
819,186202,186202,1,,
819,186203,186203,1,,
819,186204,186204,1,,
819,186205,186205,1,,
819,186206,186206,1,,
819,186207,186207,1,,
819,186208,186208,1,,
819,186209,186209,1,,
819,186210,186210,1,,
819,186211,186211,1,,
819,186212,186212,1,,
819,186213,186213,1,,
819,186214,186214,1,,
819,186215,186215,1,,
819,186216,186216,1,,
819,186217,186217,1,,
819,186218,186218,1,,
819,186219,186219,1,,
819,186220,186220,1,,
819,186221,186221,1,,
819,186222,186222,1,,
819,186223,186223,1,,
819,186224,186224,1,,
819,186225,186225,1,,
819,186226,186226,1,,
819,186227,186227,1,,
821,100089,100089,1,,
821,100090,100090,1,,
821,100091,100091,1,,
821,100092,100092,1,,
821,101259,101259,0,,
821,101260,101260,0,,
821,101261,101261,0,,
822,99352,99352,1,,
822,99353,99353,1,,
822,101416,101416,0,,
822,104095,104095,0,,
822,185102,185102,0,,
822,185103,185103,0,,
823,99890,99890,1,,
823,99891,99891,1,,
823,99892,99892,1,,
823,99893,99893,1,,
823,99894,99894,1,,
823,99895,99895,1,,
823,99896,99896,1,,
823,99897,99897,1,,
823,99898,99898,1,,
823,99899,99899,1,,
823,99900,99900,1,,
823,99901,99901,1,,
823,99902,99902,1,,
823,99903,99903,1,,
823,99904,99904,1,,
823,99905,99905,1,,
823,99906,99906,1,,
823,99907,99907,1,,
823,99908,99908,1,,
823,99909,99909,1,,
823,99910,99910,1,,
823,99911,99911,1,,
823,99912,99912,1,,
823,99913,99913,1,,
823,99914,99914,1,,
823,99915,99915,1,,
823,99916,99916,1,,
823,99917,99917,1,,
823,99918,99918,1,,
823,99919,99919,1,,
823,99920,99920,1,,
823,99921,99921,1,,
823,99922,99922,1,,
823,99923,99923,1,,
823,99924,99924,1,,
823,99925,99925,1,,
823,99926,99926,1,,
823,99927,99927,1,,
823,99928,99928,1,,
823,99929,99929,1,,
823,99930,99930,1,,
823,99931,99931,1,,
823,100331,100331,1,,
823,100332,100332,1,,
823,100333,100333,1,,
823,100334,100334,1,,
823,100335,100335,1,,
823,100336,100336,1,,
823,100337,100337,1,,
823,100338,100338,1,,
823,100339,100339,1,,
823,100340,100340,1,,
823,100341,100341,1,,
823,100342,100342,1,,
823,100343,100343,1,,
823,100344,100344,1,,
823,100345,100345,1,,
823,100346,100346,1,,
823,100347,100347,1,,
823,100348,100348,1,,
823,100349,100349,1,,
823,100350,100350,1,,
824,99816,99816,1,,
824,99817,99817,1,,
824,100702,100702,0,,
824,103806,103806,0,,
824,104014,104014,0,,
826,99356,99356,1,,
826,99357,99357,1,,
826,99358,99358,1,,
826,99359,99359,1,,
826,101543,101543,0,,
826,101544,101544,0,,
826,101545,101545,0,,
826,101666,101666,0,,
826,101667,101667,0,,
826,101668,101668,0,,
826,101669,101669,0,,
826,101670,101670,0,,
826,101671,101671,0,,
826,101672,101672,0,,
826,101673,101673,0,,
826,101674,101674,0,,
826,101675,101675,0,,
826,101676,101676,0,,
826,101677,101677,0,,
826,101678,101678,0,,
826,101679,101679,0,,
826,101680,101680,0,,
826,101681,101681,0,,
826,101682,101682,0,,
826,101683,101683,0,,
826,101684,101684,0,,
826,101690,101690,0,,
826,101691,101691,0,,
826,101692,101692,0,,
826,101693,101693,0,,
826,101694,101694,0,,
826,101695,101695,0,,
826,101696,101696,0,,
826,101697,101697,0,,
826,101698,101698,0,,
826,101699,101699,0,,
826,101700,101700,0,,
826,101701,101701,0,,
829,100186,100186,1,,
829,100187,100187,1,,
829,100188,100188,1,,
829,100189,100189,1,,
829,100190,100190,1,,
829,100191,100191,1,,
829,100192,100192,1,,
829,100193,100193,1,,
829,100194,100194,1,,
829,100195,100195,1,,
829,100196,100196,1,,
829,100197,100197,1,,
829,100198,100198,1,,
829,100199,100199,1,,
829,100200,100200,1,,
829,100201,100201,1,,
829,100202,100202,1,,
829,100203,100203,1,,
829,100850,100850,0,,
829,100851,100851,0,,
829,100852,100852,0,,
829,100853,100853,0,,
829,100854,100854,0,,
829,100855,100855,0,,
829,100856,100856,0,,
829,100857,100857,0,,
829,100858,100858,0,,
829,100859,100859,0,,
829,100860,100860,0,,
829,100861,100861,0,,
829,100862,100862,0,,
829,100863,100863,0,,
829,100864,100864,0,,
829,100865,100865,0,,
829,100866,100866,0,,
829,101018,101018,0,,
829,101019,101019,0,,
829,101020,101020,0,,
830,100832,100832,0,,
830,100833,100833,0,,
830,100834,100834,0,,
830,100835,100835,0,,
830,101123,101123,0,,
830,101124,101124,0,,
830,101125,101125,0,,
830,101126,101126,0,,
830,101127,101127,0,,
830,101128,101128,0,,
830,101129,101129,0,,
830,101130,101130,0,,
830,101131,101131,0,,
830,101132,101132,0,,
830,101133,101133,0,,
830,101134,101134,0,,
830,101135,101135,0,,
830,101136,101136,0,,
830,101137,101137,0,,
830,101138,101138,0,,
830,101139,101139,0,,
830,101140,101140,0,,
830,101141,101141,0,,
830,101142,101142,0,,
830,101143,101143,0,,
830,101144,101144,0,,
830,101145,101145,0,,
830,103965,103965,1,,
830,103966,103966,1,,
830,103967,103967,1,,
830,103968,103968,1,,
830,103969,103969,1,,
830,103970,103970,1,,
830,103971,103971,1,,
830,103972,103972,1,,
830,103973,103973,1,,
830,103974,103974,1,,
830,103975,103975,1,,
830,103976,103976,1,,
830,103977,103977,1,,
830,103978,103978,1,,
830,103979,103979,1,,
830,103980,103980,1,,
830,103981,103981,1,,
830,103982,103982,1,,
830,103983,103983,1,,
830,103984,103984,1,,
830,103985,103985,1,,
830,103986,103986,1,,
830,103987,103987,1,,
830,103988,103988,1,,
830,103989,103989,1,,
832,100313,100313,1,,
832,100314,100314,1,,
832,100315,100315,1,,
832,100316,100316,1,,
832,100317,100317,1,,
832,100318,100318,1,,
832,101226,101226,0,,
832,101227,101227,0,,
832,101228,101228,0,,
832,101229,101229,0,,
832,101230,101230,0,,
832,101231,101231,0,,
832,101232,101232,0,,
832,101233,101233,0,,
832,101234,101234,0,,
832,101401,101401,0,,
832,101402,101402,0,,
832,101403,101403,0,,
832,101404,101404,0,,
832,101405,101405,0,,
832,101406,101406,0,,
832,101407,101407,0,,
833,101706,101706,0,,
833,101707,101707,0,,
833,101708,101708,0,,
833,104172,104172,1,,
833,104173,104173,1,,
833,104174,104174,1,,
833,104175,104175,1,,
833,104176,104176,1,,
834,99764,99764,1,,
834,99765,99765,1,,
834,99766,99766,1,,
834,99767,99767,1,,
834,99768,99768,1,,
834,99769,99769,1,,
834,99770,99770,1,,
834,99771,99771,1,,
834,99772,99772,1,,
834,99773,99773,1,,
834,99774,99774,1,,
834,99775,99775,1,,
834,99776,99776,1,,
834,99777,99777,1,,
834,99778,99778,1,,
834,99779,99779,1,,
834,99780,99780,1,,
834,99781,99781,1,,
834,99782,99782,1,,
834,99783,99783,1,,
834,100134,100134,1,,
834,100135,100135,1,,
834,100136,100136,1,,
834,100137,100137,1,,
834,100138,100138,1,,
834,100139,100139,1,,
834,100140,100140,1,,
834,100141,100141,1,,
834,100142,100142,1,,
834,100143,100143,1,,
834,100144,100144,1,,
834,100145,100145,1,,
834,100146,100146,1,,
834,100147,100147,1,,
834,100148,100148,1,,
834,100149,100149,1,,
834,100150,100150,1,,
834,100151,100151,1,,
834,100152,100152,1,,
834,100153,100153,1,,
834,100154,100154,1,,
834,100155,100155,1,,
834,100156,100156,1,,
834,100157,100157,1,,
834,100158,100158,1,,
834,100159,100159,1,,
834,100160,100160,1,,
834,100177,100177,1,,
834,100178,100178,1,,
834,100179,100179,1,,
834,100180,100180,1,,
834,100455,100455,0,,
834,100456,100456,0,,
834,100457,100457,0,,
834,100458,100458,0,,
834,100459,100459,0,,
834,100460,100460,0,,
834,100461,100461,0,,
834,100462,100462,0,,
834,100463,100463,0,,
834,100464,100464,0,,
834,100465,100465,0,,
834,100466,100466,0,,
834,100467,100467,0,,
834,100468,100468,0,,
834,100469,100469,0,,
834,100470,100470,0,,
834,100471,100471,0,,
834,100472,100472,0,,
834,100473,100473,0,,
834,100539,100539,0,,
834,100559,100559,0,,
834,100560,100560,0,,
834,100561,100561,0,,
834,100562,100562,0,,
834,100563,100563,0,,
834,100564,100564,0,,
834,100565,100565,0,,
834,100566,100566,0,,
834,100567,100567,0,,
834,100568,100568,0,,
834,100569,100569,0,,
834,100570,100570,0,,
834,100571,100571,0,,
835,100713,100713,0,,
835,100714,100714,0,,
835,100715,100715,0,,
835,101854,101854,0,,
835,101855,101855,0,,
835,101856,101856,0,,
835,101857,101857,0,,
835,101858,101858,0,,
835,101859,101859,0,,
835,101860,101860,0,,
835,101861,101861,0,,
835,101862,101862,0,,
835,101863,101863,0,,
835,101864,101864,0,,
835,101865,101865,0,,
835,101866,101866,0,,
835,101867,101867,0,,
835,101868,101868,0,,
836,100094,100094,1,,
836,100095,100095,1,,
836,100096,100096,1,,
836,100097,100097,1,,
836,100098,100098,1,,
836,100099,100099,1,,
836,100100,100100,1,,
836,100101,100101,1,,
836,101263,101263,0,,
836,101264,101264,0,,
836,101265,101265,0,,
836,101266,101266,0,,
836,101267,101267,0,,
836,101268,101268,0,,
837,99828,99828,1,,
837,99829,99829,1,,
837,100716,100716,0,,
837,100717,100717,0,,
837,148988,148988,0,,
837,148989,148989,0,,
837,148990,148990,1,,
837,148991,148991,1,,
838,99820,99820,1,,
838,99821,99821,1,,
838,99822,99822,1,,
838,99823,99823,1,,
838,99824,99824,1,,
838,99825,99825,1,,
838,99826,99826,1,,
838,99827,99827,1,,
838,100705,100705,0,,
838,100706,100706,0,,
838,100707,100707,0,,
838,100708,100708,0,,
838,100709,100709,0,,
838,100710,100710,0,,
838,100711,100711,0,,
838,100712,100712,0,,
838,148982,148982,0,,
838,148983,148983,0,,
838,148984,148984,0,,
838,148985,148985,1,,
838,148986,148986,1,,
838,148987,148987,1,,
839,100046,100046,1,,
839,100130,100130,1,,
839,100131,100131,1,,
839,100132,100132,1,,
839,100531,100531,0,,
839,100532,100532,0,,
839,100533,100533,0,,
839,100534,100534,0,,
839,100535,100535,0,,
839,100536,100536,0,,
839,100537,100537,0,,
839,101099,101099,0,,
840,100601,100601,1,,
840,100602,100602,1,,
840,100603,100603,1,,
840,100604,100604,1,,
840,100605,100605,1,,
840,100606,100606,1,,
840,100607,100607,1,,
840,100608,100608,1,,
840,100609,100609,1,,
840,101803,101803,0,,
840,101804,101804,0,,
840,101805,101805,0,,
840,101806,101806,0,,
840,101808,101808,0,,
840,104186,104186,0,,
840,104188,104188,0,,
840,104193,104193,0,,
840,185104,185104,0,,
840,185105,185105,0,,
840,185106,185106,0,,
840,185107,185107,0,,
840,185108,185108,0,,
840,185109,185109,0,,
841,100297,100297,1,,
841,100298,100298,1,,
841,100299,100299,1,,
841,100300,100300,1,,
841,100301,100301,1,,
841,100302,100302,1,,
841,100303,100303,1,,
841,101196,101196,0,,
841,101197,101197,0,,
841,101198,101198,0,,
841,101199,101199,0,,
841,101200,101200,0,,
841,101201,101201,0,,
841,101202,101202,0,,
843,100598,100598,1,,
843,100599,100599,1,,
843,100600,100600,1,,
843,101728,101728,0,,
843,101729,101729,0,,
843,101730,101730,0,,
843,101731,101731,0,,
845,100086,100086,1,,
845,100087,100087,1,,
845,100088,100088,1,,
845,101256,101256,0,,
845,101257,101257,0,,
845,101258,101258,0,,
846,99438,99438,0,,
846,101774,101774,0,,
846,101775,101775,0,,
846,101779,101779,0,,
846,101780,101780,0,,
846,101781,101781,0,,
846,101785,101785,0,,
846,101786,101786,0,,
846,101787,101787,0,,
846,149009,149009,1,,
846,149010,149010,1,,
846,149011,149011,1,,
846,149012,149012,1,,
846,149013,149013,1,,
846,149019,149019,1,,
846,149020,149020,1,,
846,149021,149021,1,,
846,149022,149022,1,,
846,149023,149023,1,,
846,149029,149029,1,,
846,149030,149030,1,,
846,149031,149031,1,,
846,149032,149032,1,,
846,149033,149033,1,,
846,149088,149088,1,,
846,149089,149089,1,,
846,149090,149090,1,,
846,149091,149091,1,,
846,149092,149092,1,,
846,149093,149093,1,,
846,149094,149094,1,,
846,149095,149095,1,,
846,149096,149096,1,,
846,149097,149097,1,,
846,149098,149098,1,,
846,149099,149099,1,,
846,149112,149112,1,,
846,149113,149113,1,,
846,149114,149114,1,,
846,149115,149115,1,,
846,149116,149116,1,,
846,149117,149117,1,,
846,149118,149118,1,,
846,149119,149119,1,,
846,149120,149120,1,,
846,149121,149121,1,,
846,149122,149122,1,,
846,149123,149123,1,,
846,149136,149136,1,,
846,149137,149137,1,,
846,149138,149138,1,,
846,149139,149139,1,,
846,149140,149140,1,,
846,149141,149141,1,,
846,149142,149142,1,,
846,149143,149143,1,,
846,149144,149144,1,,
846,149145,149145,1,,
846,149146,149146,1,,
846,149147,149147,1,,
847,99419,99419,1,,
847,99420,99420,1,,
847,99421,99421,1,,
847,99422,99422,1,,
847,99423,99423,1,,
847,99586,99586,1,,
847,99587,99587,1,,
847,99588,99588,1,,
847,99589,99589,1,,
847,99590,99590,1,,
847,99591,99591,1,,
847,99592,99592,1,,
847,99593,99593,1,,
847,99594,99594,1,,
847,99595,99595,1,,
847,99596,99596,1,,
847,99597,99597,1,,
847,99598,99598,1,,
847,99599,99599,1,,
847,99720,99720,1,,
847,99721,99721,1,,
847,99722,99722,1,,
847,99723,99723,1,,
847,99724,99724,1,,
847,99725,99725,1,,
847,99726,99726,1,,
847,99727,99727,1,,
847,99728,99728,1,,
847,99729,99729,1,,
847,99730,99730,1,,
847,99731,99731,1,,
847,99732,99732,1,,
847,100540,100540,0,,
847,100541,100541,0,,
847,100542,100542,0,,
847,100543,100543,0,,
847,100544,100544,0,,
847,100545,100545,0,,
847,100546,100546,0,,
847,100547,100547,0,,
847,100548,100548,0,,
847,100549,100549,0,,
847,100550,100550,0,,
847,100551,100551,0,,
847,100552,100552,0,,
847,100553,100553,0,,
847,100554,100554,0,,
847,100938,100938,0,,
847,100939,100939,0,,
847,100940,100940,0,,
847,100941,100941,0,,
847,100942,100942,0,,
847,100943,100943,0,,
847,100944,100944,0,,
847,100945,100945,0,,
847,100946,100946,0,,
847,100947,100947,0,,
847,100948,100948,0,,
847,100949,100949,0,,
847,100950,100950,0,,
847,100951,100951,0,,
847,100952,100952,0,,
847,100953,100953,0,,
847,100954,100954,0,,
847,100955,100955,0,,
847,101802,101802,0,,
848,99426,99426,0,,
848,99427,99427,1,,
848,99428,99428,1,,
848,99429,99429,0,,
848,99430,99430,0,,
848,99431,99431,1,,
848,99432,99432,1,,
848,99830,99830,1,,
848,99831,99831,1,,
848,99832,99832,1,,
848,99864,99864,1,,
848,99865,99865,1,,
848,99866,99866,1,,
848,99867,99867,1,,
848,99868,99868,1,,
848,99869,99869,1,,
848,99870,99870,1,,
848,99871,99871,1,,
848,99872,99872,1,,
848,99873,99873,1,,
848,99874,99874,1,,
848,99875,99875,1,,
848,99876,99876,1,,
848,99877,99877,1,,
848,99878,99878,1,,
848,99879,99879,1,,
848,99880,99880,1,,
848,99932,99932,1,,
848,99933,99933,1,,
848,99934,99934,1,,
848,99935,99935,1,,
848,99936,99936,1,,
848,99937,99937,1,,
848,99938,99938,1,,
848,99939,99939,1,,
848,99940,99940,1,,
848,99941,99941,1,,
848,99942,99942,1,,
848,99943,99943,1,,
848,99944,99944,1,,
848,99945,99945,1,,
848,99946,99946,1,,
848,99947,99947,1,,
848,99948,99948,1,,
848,99949,99949,1,,
848,99950,99950,1,,
848,99951,99951,1,,
848,99952,99952,1,,
848,99953,99953,1,,
848,99954,99954,1,,
848,99955,99955,1,,
848,99956,99956,1,,
848,99957,99957,1,,
848,99958,99958,1,,
848,99979,99979,1,,
848,99980,99980,1,,
848,99981,99981,1,,
848,99982,99982,1,,
848,99983,99983,1,,
848,99984,99984,1,,
848,99985,99985,1,,
848,99986,99986,1,,
848,99987,99987,1,,
848,99988,99988,1,,
848,99989,99989,1,,
848,99990,99990,1,,
848,99991,99991,1,,
848,99992,99992,1,,
848,99993,99993,1,,
848,100658,100658,0,,
848,100659,100659,0,,
848,100660,100660,0,,
848,100661,100661,0,,
848,100662,100662,0,,
848,100663,100663,0,,
848,100664,100664,0,,
848,100665,100665,0,,
848,100666,100666,0,,
848,100667,100667,0,,
848,100668,100668,0,,
848,100669,100669,0,,
848,100670,100670,0,,
848,100671,100671,0,,
848,100672,100672,0,,
848,100673,100673,0,,
848,100718,100718,0,,
848,100719,100719,0,,
848,100720,100720,0,,
848,100721,100721,0,,
848,100722,100722,0,,
848,100723,100723,0,,
848,100724,100724,0,,
848,100725,100725,0,,
848,100726,100726,0,,
848,100727,100727,0,,
848,100728,100728,0,,
848,100729,100729,0,,
848,100730,100730,0,,
848,100731,100731,0,,
848,100732,100732,0,,
848,100733,100733,0,,
848,100734,100734,0,,
848,100735,100735,0,,
848,100736,100736,0,,
848,100756,100756,0,,
848,100757,100757,0,,
848,100758,100758,0,,
848,100759,100759,0,,
848,100760,100760,0,,
848,100761,100761,0,,
848,100762,100762,0,,
848,100763,100763,0,,
848,100764,100764,0,,
848,100765,100765,0,,
848,100766,100766,0,,
848,100767,100767,0,,
848,100768,100768,0,,
848,100769,100769,0,,
848,100770,100770,0,,
848,100771,100771,0,,
848,100772,100772,0,,
848,100773,100773,0,,
848,100774,100774,0,,
848,100775,100775,0,,
848,100776,100776,0,,
848,100777,100777,0,,
848,100778,100778,0,,
848,100779,100779,0,,
848,100780,100780,0,,
848,100781,100781,0,,
848,100782,100782,0,,
848,100783,100783,0,,
848,100784,100784,0,,
848,100785,100785,0,,
848,100786,100786,0,,
848,101791,101791,0,,
849,99627,99627,1,,
849,99628,99628,1,,
849,99629,99629,1,,
849,99630,99630,1,,
849,99631,99631,1,,
849,99632,99632,1,,
849,99633,99633,1,,
849,101332,101332,0,,
849,101333,101333,0,,
849,101334,101334,0,,
849,101335,101335,0,,
849,101336,101336,0,,
849,101337,101337,0,,
849,101338,101338,0,,
850,100161,100161,1,,
850,100162,100162,1,,
850,100163,100163,1,,
850,100243,100243,1,,
850,100244,100244,1,,
850,100245,100245,1,,
850,100246,100246,1,,
850,100247,100247,1,,
850,100248,100248,1,,
850,100249,100249,1,,
850,100250,100250,1,,
850,100251,100251,1,,
850,100252,100252,1,,
850,100253,100253,1,,
850,100254,100254,1,,
850,100255,100255,1,,
850,100256,100256,1,,
850,100257,100257,1,,
850,100258,100258,1,,
850,100998,100998,0,,
850,100999,100999,0,,
850,101000,101000,0,,
850,101004,101004,0,,
850,101005,101005,0,,
850,101006,101006,0,,
850,101007,101007,0,,
850,101008,101008,0,,
850,101444,101444,0,,
850,101445,101445,0,,
850,101446,101446,0,,
850,101447,101447,0,,
850,101448,101448,0,,
850,101449,101449,0,,
850,101450,101450,0,,
850,101451,101451,0,,
850,101452,101452,0,,
850,101453,101453,0,,
850,101454,101454,0,,
850,101455,101455,0,,
850,101456,101456,0,,
852,99360,99360,1,,
852,99361,99361,1,,
852,99883,99883,1,,
852,101557,101557,0,,
852,101558,101558,0,,
853,101411,101411,0,,
853,101413,101413,0,,
853,103817,103817,0,,
853,103818,103818,0,,
853,103819,103819,1,,
853,103820,103820,1,,
853,103821,103821,0,,
853,103822,103822,0,,
853,103823,103823,1,,
853,103824,103824,1,,
853,104044,104044,0,,
853,104045,104045,1,,
853,104046,104046,1,,
853,104047,104047,1,,
853,104048,104048,1,,
853,104049,104049,1,,
853,104050,104050,0,,
853,104051,104051,1,,
853,104052,104052,1,,
853,104053,104053,1,,
853,104054,104054,1,,
853,104055,104055,1,,
854,100610,100610,1,,
854,100611,100611,1,,
854,100612,100612,1,,
854,100613,100613,1,,
854,100614,100614,1,,
854,100615,100615,1,,
854,100616,100616,1,,
854,100617,100617,1,,
854,100618,100618,1,,
854,100619,100619,1,,
854,100620,100620,1,,
854,100621,100621,1,,
854,100622,100622,1,,
854,100623,100623,1,,
854,100624,100624,1,,
854,100625,100625,1,,
854,100626,100626,1,,
854,101809,101809,0,,
854,101810,101810,0,,
854,101811,101811,0,,
854,101812,101812,0,,
854,101813,101813,0,,
854,101814,101814,0,,
854,101815,101815,0,,
854,101816,101816,0,,
854,101817,101817,0,,
854,101818,101818,0,,
854,101819,101819,0,,
854,101820,101820,0,,
854,101821,101821,0,,
854,101822,101822,0,,
854,101823,101823,0,,
854,101824,101824,0,,
854,101825,101825,0,,
854,101826,101826,0,,
854,101827,101827,0,,
855,99710,99710,1,,
855,99711,99711,1,,
855,99712,99712,1,,
855,99713,99713,1,,
855,99714,99714,1,,
855,99715,99715,1,,
855,99716,99716,1,,
855,99717,99717,1,,
855,99718,99718,1,,
855,99719,99719,1,,
855,101732,101732,0,,
855,101796,101796,0,,
855,101797,101797,0,,
855,101798,101798,0,,
855,101799,101799,0,,
855,101800,101800,0,,
855,101801,101801,0,,
855,101828,101828,0,,
855,101829,101829,0,,
855,101830,101830,0,,
855,101831,101831,0,,
855,101832,101832,0,,
855,101833,101833,0,,
855,101834,101834,0,,
855,101835,101835,0,,
855,101836,101836,0,,
855,101837,101837,0,,
855,101838,101838,0,,
855,101839,101839,0,,
855,101840,101840,0,,
855,101841,101841,0,,
855,101842,101842,0,,
855,101843,101843,0,,
855,101844,101844,0,,
855,101845,101845,0,,
855,101846,101846,0,,
855,101847,101847,0,,
855,101848,101848,0,,
855,101849,101849,0,,
855,101850,101850,0,,
855,101851,101851,0,,
855,101852,101852,0,,
855,101853,101853,0,,
855,103789,103789,1,,
855,103790,103790,1,,
855,103851,103851,1,,
855,103852,103852,1,,
855,103853,103853,1,,
855,103854,103854,1,,
855,103855,103855,1,,
855,103856,103856,1,,
855,103857,103857,1,,
855,103858,103858,1,,
855,103859,103859,1,,
855,103860,103860,1,,
855,103861,103861,1,,
855,103862,103862,1,,
855,103863,103863,1,,
855,103864,103864,1,,
855,103865,103865,1,,
855,103866,103866,1,,
855,103867,103867,1,,
855,103868,103868,1,,
856,99424,99424,1,,
856,99425,99425,1,,
856,99742,99742,1,,
856,99743,99743,1,,
856,99744,99744,1,,
856,99745,99745,1,,
856,99746,99746,1,,
856,99747,99747,1,,
856,99748,99748,1,,
856,99749,99749,1,,
856,99750,99750,1,,
856,99751,99751,1,,
856,99752,99752,1,,
856,99753,99753,1,,
856,99754,99754,1,,
856,99755,99755,1,,
856,99756,99756,1,,
856,99757,99757,1,,
856,99758,99758,1,,
856,99759,99759,1,,
856,99760,99760,1,,
856,99761,99761,1,,
856,99762,99762,1,,
856,99763,99763,1,,
856,100737,100737,0,,
856,100738,100738,0,,
856,100739,100739,0,,
856,100740,100740,0,,
856,100741,100741,0,,
856,100742,100742,0,,
856,100743,100743,0,,
856,100744,100744,0,,
856,100745,100745,0,,
856,100746,100746,0,,
856,100747,100747,0,,
856,100748,100748,0,,
856,100749,100749,0,,
856,100750,100750,0,,
856,100751,100751,0,,
856,100752,100752,0,,
856,100753,100753,0,,
856,100754,100754,0,,
856,100755,100755,0,,
856,100836,100836,0,,
856,100837,100837,0,,
856,100838,100838,0,,
856,100839,100839,0,,
856,100840,100840,0,,
856,100841,100841,0,,
856,100842,100842,0,,
856,100843,100843,0,,
856,100844,100844,0,,
856,100845,100845,0,,
856,100846,100846,0,,
856,100847,100847,0,,
856,100867,100867,0,,
856,100868,100868,0,,
856,100869,100869,0,,
856,100870,100870,0,,
856,100871,100871,0,,
856,100872,100872,0,,
856,100873,100873,0,,
856,100874,100874,0,,
856,100875,100875,0,,
856,100876,100876,0,,
856,100877,100877,0,,
856,100878,100878,0,,
856,100879,100879,0,,
856,100880,100880,0,,
856,100881,100881,0,,
856,100882,100882,0,,
856,100883,100883,0,,
856,100884,100884,0,,
856,100885,100885,0,,
857,99562,99562,1,,
857,99563,99563,1,,
857,185055,185055,0,,
858,100578,100578,1,,
858,100579,100579,1,,
858,100580,100580,1,,
858,100581,100581,1,,
858,100582,100582,1,,
858,100583,100583,1,,
858,100584,100584,1,,
858,100585,100585,1,,
858,101653,101653,0,,
858,101654,101654,0,,
858,101655,101655,0,,
858,101656,101656,0,,
858,101657,101657,0,,
858,101658,101658,0,,
858,101659,101659,0,,
858,101660,101660,0,,
858,101661,101661,0,,
858,101662,101662,0,,
858,101663,101663,0,,
858,101664,101664,0,,
858,101665,101665,0,,
858,101873,101873,0,,
859,99614,99614,1,,
859,99615,99615,1,,
859,100987,100987,0,,
859,101320,101320,0,,
859,101321,101321,0,,
859,101322,101322,0,,
859,101323,101323,0,,
860,100597,100597,1,,
860,101727,101727,0,,
861,100956,100956,0,,
861,100957,100957,0,,
861,100958,100958,0,,
861,100959,100959,0,,
861,100960,100960,0,,
861,101051,101051,0,,
861,101052,101052,0,,
861,101053,101053,0,,
861,101054,101054,0,,
861,101055,101055,0,,
861,101056,101056,0,,
861,101057,101057,0,,
861,101058,101058,0,,
861,101059,101059,0,,
861,101060,101060,0,,
861,101061,101061,0,,
861,101062,101062,0,,
861,101617,101617,0,,
861,101618,101618,0,,
861,101685,101685,0,,
861,101686,101686,0,,
861,101687,101687,0,,
861,101688,101688,0,,
861,101689,101689,0,,
861,101912,101912,0,,
861,101913,101913,0,,
861,103918,103918,1,,
861,103919,103919,1,,
861,103920,103920,1,,
861,103921,103921,1,,
861,103922,103922,1,,
861,103923,103923,1,,
861,103924,103924,1,,
861,103925,103925,1,,
861,103926,103926,1,,
861,103927,103927,1,,
861,103928,103928,1,,
861,103929,103929,1,,
861,103930,103930,1,,
861,103931,103931,1,,
861,103932,103932,1,,
861,103933,103933,1,,
861,103934,103934,1,,
861,103935,103935,1,,
861,103936,103936,1,,
861,103937,103937,1,,
861,103938,103938,1,,
861,103939,103939,1,,
862,100289,100289,1,,
862,100290,100290,1,,
862,100291,100291,1,,
862,100292,100292,1,,
862,100293,100293,1,,
862,100294,100294,1,,
862,100295,100295,1,,
862,100296,100296,1,,
862,101189,101189,0,,
862,101190,101190,0,,
862,101191,101191,0,,
862,101192,101192,0,,
862,101193,101193,0,,
862,101194,101194,0,,
862,101195,101195,0,,
863,99490,99490,0,,
863,99491,99491,0,,
863,99560,99560,1,,
863,99561,99561,1,,
865,99974,99974,1,,
865,99975,99975,1,,
865,99976,99976,1,,
865,99977,99977,1,,
865,99978,99978,1,,
865,100061,100061,1,,
865,100062,100062,1,,
865,100063,100063,1,,
865,100064,100064,1,,
865,100065,100065,1,,
865,100066,100066,1,,
865,100067,100067,1,,
865,100068,100068,1,,
865,100069,100069,1,,
865,100070,100070,1,,
865,100071,100071,1,,
865,100072,100072,1,,
865,100073,100073,1,,
865,100074,100074,1,,
865,100075,100075,1,,
865,100076,100076,1,,
865,100077,100077,1,,
865,100078,100078,1,,
865,100079,100079,1,,
865,100080,100080,1,,
865,100081,100081,1,,
865,100082,100082,1,,
865,100083,100083,1,,
865,100084,100084,1,,
865,100085,100085,1,,
865,101068,101068,0,,
865,101069,101069,0,,
865,101070,101070,0,,
865,101071,101071,0,,
865,101072,101072,0,,
865,101073,101073,0,,
865,101074,101074,0,,
865,101075,101075,0,,
865,101076,101076,0,,
865,101235,101235,0,,
865,101236,101236,0,,
865,101237,101237,0,,
865,101238,101238,0,,
865,101239,101239,0,,
865,101240,101240,0,,
865,101241,101241,0,,
865,101242,101242,0,,
865,101243,101243,0,,
865,101244,101244,0,,
865,101245,101245,0,,
865,101246,101246,0,,
865,101247,101247,0,,
865,101248,101248,0,,
865,101249,101249,0,,
865,101250,101250,0,,
865,101251,101251,0,,
865,101252,101252,0,,
865,101253,101253,0,,
865,101254,101254,0,,
865,101255,101255,0,,
865,101869,101869,0,,
865,101870,101870,0,,
866,100354,100354,1,,
866,100355,100355,1,,
866,101022,101022,0,,
866,101023,101023,0,,
867,99843,99843,1,,
867,99844,99844,1,,
867,99845,99845,1,,
867,99846,99846,1,,
867,99847,99847,1,,
867,99848,99848,1,,
867,99849,99849,1,,
867,99850,99850,1,,
867,99851,99851,1,,
867,99852,99852,1,,
867,99853,99853,1,,
867,99854,99854,1,,
867,101531,101531,0,,
867,101532,101532,0,,
867,101533,101533,0,,
867,101534,101534,0,,
867,101535,101535,0,,
867,101536,101536,0,,
867,101537,101537,0,,
867,101538,101538,0,,
867,101539,101539,0,,
867,101540,101540,0,,
868,100427,100427,1,,
868,100428,100428,1,,
868,100429,100429,1,,
868,100575,100575,1,,
868,100576,100576,1,,
868,100577,100577,1,,
868,101629,101629,0,,
868,101630,101630,0,,
868,101631,101631,0,,
868,101632,101632,0,,
868,101633,101633,0,,
868,101634,101634,0,,
868,101635,101635,0,,
868,101636,101636,0,,
868,101637,101637,0,,
868,101638,101638,0,,
868,101639,101639,0,,
868,101640,101640,0,,
868,101641,101641,0,,
868,101642,101642,0,,
868,101643,101643,0,,
868,101644,101644,0,,
868,101645,101645,0,,
868,101646,101646,0,,
868,101647,101647,0,,
868,101648,101648,0,,
868,101649,101649,0,,
868,101650,101650,0,,
868,101651,101651,0,,
868,101652,101652,0,,
868,149034,149034,1,,
868,149035,149035,1,,
869,100093,100093,1,,
869,101262,101262,0,,
870,99577,99577,1,,
870,99578,99578,1,,
870,99579,99579,1,,
870,99580,99580,1,,
870,99581,99581,1,,
870,99582,99582,1,,
870,99583,99583,1,,
870,99584,99584,1,,
870,99585,99585,1,,
870,99669,99669,1,,
870,99670,99670,1,,
870,101756,101756,0,,
870,101757,101757,0,,
870,101758,101758,0,,
870,101759,101759,0,,
870,101760,101760,0,,
870,101761,101761,0,,
870,101874,101874,0,,
870,101875,101875,0,,
870,101876,101876,0,,
870,101877,101877,0,,
870,101878,101878,0,,
870,101879,101879,0,,
870,101880,101880,0,,
870,101881,101881,0,,
870,101882,101882,0,,
870,101883,101883,0,,
870,101884,101884,0,,
870,101885,101885,0,,
870,101886,101886,0,,
870,101887,101887,0,,
870,101888,101888,0,,
870,101889,101889,0,,
870,101890,101890,0,,
870,101891,101891,0,,
870,101892,101892,0,,
870,101893,101893,0,,
870,101894,101894,0,,
870,101895,101895,0,,
870,101896,101896,0,,
870,101897,101897,0,,
870,101898,101898,0,,
870,101899,101899,0,,
870,101900,101900,0,,
870,101901,101901,0,,
870,101902,101902,0,,
870,101903,101903,0,,
870,101904,101904,0,,
870,101905,101905,0,,
870,101906,101906,0,,
870,101907,101907,0,,
871,100133,100133,1,,
871,100538,100538,0,,
873,100586,100586,1,,
873,100587,100587,1,,
873,101702,101702,0,,
873,101703,101703,0,,
874,99616,99616,1,,
874,99617,99617,1,,
874,99618,99618,1,,
874,99619,99619,1,,
874,99620,99620,1,,
874,99621,99621,1,,
874,99622,99622,1,,
874,99623,99623,1,,
874,99624,99624,1,,
874,99625,99625,1,,
874,99626,99626,1,,
874,101324,101324,0,,
874,101325,101325,0,,
874,101326,101326,0,,
874,101327,101327,0,,
874,101328,101328,0,,
874,101329,101329,0,,
874,101330,101330,0,,
874,101331,101331,0,,
875,99671,99671,1,,
875,99672,99672,1,,
875,99673,99673,1,,
875,99674,99674,1,,
875,99675,99675,1,,
875,99676,99676,1,,
875,101908,101908,0,,
875,101909,101909,0,,
875,101910,101910,0,,
875,101911,101911,0,,
876,99576,99576,1,,
876,99884,99884,1,,
876,99885,99885,1,,
876,99886,99886,1,,
876,99887,99887,1,,
876,99888,99888,1,,
876,99889,99889,1,,
876,101559,101559,0,,
876,101560,101560,0,,
876,101561,101561,0,,
876,101562,101562,0,,
876,101563,101563,0,,
877,99600,99600,1,,
877,99601,99601,1,,
877,99602,99602,1,,
877,99603,99603,1,,
877,99604,99604,1,,
877,99605,99605,1,,
877,99606,99606,1,,
877,99607,99607,1,,
877,99608,99608,1,,
877,99609,99609,1,,
877,99610,99610,1,,
877,99611,99611,1,,
877,99612,99612,1,,
877,100555,100555,0,,
877,100556,100556,0,,
877,100557,100557,0,,
877,100558,100558,0,,
877,100975,100975,0,,
877,100976,100976,0,,
877,100977,100977,0,,
877,100978,100978,0,,
877,100979,100979,0,,
877,100980,100980,0,,
877,100981,100981,0,,
877,100982,100982,0,,
877,100983,100983,0,,
878,99362,99362,1,,
878,99363,99363,1,,
878,101082,101082,0,,
878,101083,101083,0,,
879,99613,99613,1,,
879,100984,100984,0,,
879,100985,100985,0,,
879,100986,100986,0,,
880,99554,99554,1,,
880,99555,99555,1,,
880,185047,185047,0,,
881,100497,100497,1,,
881,100498,100498,1,,
881,100499,100499,1,,
881,100500,100500,1,,
881,100501,100501,1,,
881,100502,100502,1,,
881,101577,101577,0,,
881,101578,101578,0,,
881,101579,101579,0,,
881,101580,101580,0,,
881,101581,101581,0,,
881,101582,101582,0,,
881,101583,101583,0,,
881,101584,101584,0,,
881,101585,101585,0,,
881,101586,101586,0,,
881,101587,101587,0,,
881,101588,101588,0,,
882,99855,99855,1,,
882,101541,101541,0,,
883,99433,99433,0,,
883,99434,99434,0,,
883,99436,99436,1,,
883,99437,99437,1,,
883,100351,100351,1,,
883,100352,100352,1,,
883,100353,100353,1,,
885,99348,99348,1,,
885,99349,99349,1,,
885,99350,99350,1,,
885,99351,99351,1,,
885,99494,99494,0,,
885,99495,99495,0,,
885,99496,99496,0,,
885,99497,99497,0,,
885,99498,99498,0,,
885,99499,99499,0,,
885,99500,99500,0,,
885,99501,99501,0,,
885,99502,99502,0,,
885,99503,99503,0,,
885,99504,99504,0,,
885,99505,99505,0,,
885,99506,99506,0,,
885,99507,99507,0,,
885,99508,99508,0,,
885,99509,99509,0,,
885,99510,99510,0,,
885,99511,99511,0,,
885,99564,99564,1,,
885,99565,99565,1,,
885,99566,99566,1,,
885,99567,99567,1,,
885,99568,99568,1,,
885,99569,99569,1,,
885,99570,99570,1,,
885,99571,99571,1,,
885,99572,99572,1,,
885,99573,99573,1,,
885,99574,99574,1,,
885,99575,99575,1,,
885,100164,100164,1,,
885,100165,100165,1,,
885,100166,100166,1,,
885,100167,100167,1,,
885,100168,100168,1,,
885,100169,100169,1,,
885,100170,100170,1,,
885,100171,100171,1,,
885,100172,100172,1,,
885,100173,100173,1,,
885,100174,100174,1,,
885,100175,100175,1,,
885,100176,100176,1,,
885,100278,100278,1,,
885,101009,101009,0,,
885,101010,101010,0,,
885,101011,101011,0,,
885,101012,101012,0,,
885,101013,101013,0,,
885,101014,101014,0,,
885,101015,101015,0,,
885,101016,101016,0,,
885,101017,101017,0,,
885,101162,101162,0,,
885,101163,101163,0,,
885,101164,101164,0,,
885,101165,101165,0,,
885,101166,101166,0,,
885,101167,101167,0,,
885,101168,101168,0,,
885,101169,101169,0,,
885,101170,101170,0,,
885,101171,101171,0,,
885,101172,101172,0,,
885,101173,101173,0,,
885,101174,101174,0,,
885,101175,101175,0,,
885,101176,101176,0,,
885,101177,101177,0,,
885,101178,101178,0,,
885,101179,101179,0,,
887,99784,99784,1,,
887,99785,99785,1,,
887,99786,99786,1,,
887,99787,99787,1,,
887,99788,99788,1,,
887,99789,99789,1,,
887,99790,99790,1,,
887,99791,99791,1,,
887,99792,99792,1,,
887,99793,99793,1,,
887,99794,99794,1,,
887,99795,99795,1,,
887,99796,99796,1,,
887,99797,99797,1,,
887,99798,99798,1,,
887,99799,99799,1,,
887,99800,99800,1,,
887,99801,99801,1,,
887,99802,99802,1,,
887,99803,99803,1,,
887,99804,99804,1,,
887,99805,99805,1,,
887,99806,99806,1,,
887,99807,99807,1,,
887,99808,99808,1,,
887,99809,99809,1,,
887,99810,99810,1,,
887,99811,99811,1,,
887,100675,100675,0,,
887,100676,100676,0,,
887,100677,100677,0,,
887,100678,100678,0,,
887,100679,100679,0,,
887,100680,100680,0,,
887,100681,100681,0,,
887,100682,100682,0,,
887,100683,100683,0,,
887,100684,100684,0,,
887,100685,100685,0,,
887,100686,100686,0,,
887,100687,100687,0,,
887,100688,100688,0,,
887,100689,100689,0,,
887,100690,100690,0,,
887,100691,100691,0,,
887,100692,100692,0,,
887,100693,100693,0,,
887,100694,100694,0,,
887,100988,100988,0,,
888,100503,100503,1,,
888,100504,100504,1,,
888,101146,101146,0,,
888,101147,101147,0,,
888,101148,101148,0,,
888,101149,101149,0,,
888,101150,101150,0,,
888,101151,101151,0,,
888,101457,101457,0,,
888,101458,101458,0,,
888,101459,101459,0,,
888,101589,101589,0,,
889,99648,99648,1,,
889,99649,99649,1,,
889,99650,99650,1,,
889,99651,99651,1,,
889,99652,99652,1,,
889,99653,99653,1,,
889,99654,99654,1,,
889,99655,99655,1,,
889,99656,99656,1,,
889,99657,99657,1,,
889,99658,99658,1,,
889,99659,99659,1,,
889,99660,99660,1,,
889,99661,99661,1,,
889,99662,99662,1,,
889,99663,99663,1,,
889,99664,99664,1,,
889,99665,99665,1,,
889,99666,99666,1,,
889,99667,99667,1,,
889,99668,99668,1,,
889,99856,99856,1,,
889,99857,99857,1,,
889,99858,99858,1,,
889,99859,99859,1,,
889,99860,99860,1,,
889,99861,99861,1,,
889,99862,99862,1,,
889,99863,99863,1,,
889,99881,99881,1,,
889,99882,99882,1,,
889,101382,101382,0,,
889,101383,101383,0,,
889,101384,101384,0,,
889,101385,101385,0,,
889,101386,101386,0,,
889,101387,101387,0,,
889,101388,101388,0,,
889,101389,101389,0,,
889,101390,101390,0,,
889,101391,101391,0,,
889,101392,101392,0,,
889,101393,101393,0,,
889,101394,101394,0,,
889,101395,101395,0,,
889,101396,101396,0,,
889,101397,101397,0,,
889,101398,101398,0,,
889,101399,101399,0,,
889,101400,101400,0,,
889,101542,101542,0,,
889,101546,101546,0,,
889,101547,101547,0,,
889,101548,101548,0,,
889,101549,101549,0,,
889,101550,101550,0,,
889,101551,101551,0,,
889,101552,101552,0,,
889,101553,101553,0,,
889,101554,101554,0,,
889,101555,101555,0,,
889,101556,101556,0,,
890,99366,99366,1,,
890,99367,99367,1,,
890,99368,99368,1,,
890,99369,99369,1,,
890,99370,99370,1,,
890,99371,99371,1,,
890,99372,99372,1,,
890,99373,99373,1,,
890,99374,99374,1,,
890,99375,99375,1,,
890,99376,99376,1,,
890,99377,99377,1,,
890,99378,99378,1,,
890,99379,99379,1,,
890,99380,99380,1,,
890,99381,99381,1,,
890,99382,99382,1,,
890,99383,99383,1,,
890,99384,99384,1,,
890,99385,99385,1,,
890,99386,99386,1,,
890,99387,99387,1,,
890,99388,99388,1,,
890,99389,99389,1,,
890,99390,99390,1,,
890,99391,99391,1,,
890,99392,99392,1,,
890,99393,99393,1,,
890,99394,99394,1,,
890,99395,99395,1,,
890,99396,99396,1,,
890,99397,99397,1,,
890,99398,99398,1,,
890,99399,99399,1,,
890,99400,99400,1,,
890,99401,99401,1,,
890,99402,99402,1,,
890,99403,99403,1,,
890,99404,99404,1,,
890,99405,99405,1,,
890,99406,99406,1,,
890,99407,99407,1,,
890,99408,99408,1,,
890,99409,99409,1,,
890,99410,99410,1,,
890,99411,99411,1,,
890,99412,99412,1,,
890,99413,99413,1,,
890,99414,99414,1,,
890,99415,99415,1,,
890,99416,99416,1,,
890,99417,99417,1,,
890,99418,99418,1,,
890,99535,99535,1,,
890,99536,99536,1,,
890,99537,99537,1,,
890,99538,99538,1,,
890,99539,99539,1,,
890,99540,99540,1,,
890,99541,99541,1,,
890,99542,99542,1,,
890,99543,99543,1,,
890,99544,99544,1,,
890,99545,99545,1,,
890,99546,99546,1,,
890,99547,99547,1,,
890,99548,99548,1,,
890,99549,99549,1,,
890,99550,99550,1,,
890,99551,99551,1,,
890,99552,99552,1,,
890,99553,99553,1,,
890,185013,185013,0,,
890,185014,185014,0,,
890,185015,185015,0,,
890,185016,185016,0,,
890,185017,185017,0,,
890,185018,185018,0,,
890,185019,185019,0,,
890,185020,185020,0,,
890,185021,185021,0,,
890,185022,185022,0,,
890,185023,185023,0,,
890,185024,185024,0,,
890,185025,185025,0,,
890,185026,185026,0,,
890,185027,185027,0,,
890,185028,185028,0,,
890,185029,185029,0,,
890,185030,185030,0,,
890,185031,185031,0,,
890,185032,185032,0,,
890,185033,185033,0,,
890,185034,185034,0,,
890,185035,185035,0,,
890,185036,185036,0,,
890,185037,185037,0,,
890,185038,185038,0,,
890,185039,185039,0,,
890,185040,185040,0,,
890,185041,185041,0,,
890,185042,185042,0,,
890,185043,185043,0,,
890,185044,185044,0,,
890,185045,185045,0,,
890,185046,185046,0,,
891,99634,99634,1,,
891,99635,99635,1,,
891,99636,99636,1,,
891,99637,99637,1,,
891,99638,99638,1,,
891,99639,99639,1,,
891,99640,99640,1,,
891,99641,99641,1,,
891,99642,99642,1,,
891,99643,99643,1,,
891,99644,99644,1,,
891,99645,99645,1,,
891,99646,99646,1,,
891,99647,99647,1,,
891,99833,99833,1,,
891,99834,99834,1,,
891,99835,99835,1,,
891,99836,99836,1,,
891,99837,99837,1,,
891,99838,99838,1,,
891,99839,99839,1,,
891,99840,99840,1,,
891,99841,99841,1,,
891,99842,99842,1,,
891,101339,101339,0,,
891,101340,101340,0,,
891,101341,101341,0,,
891,101343,101343,0,,
891,101344,101344,0,,
891,101345,101345,0,,
891,101346,101346,0,,
891,101347,101347,0,,
891,101348,101348,0,,
891,101349,101349,0,,
891,101350,101350,0,,
891,101351,101351,0,,
891,101371,101371,0,,
891,101372,101372,0,,
891,101373,101373,0,,
891,101375,101375,0,,
891,101376,101376,0,,
891,101377,101377,0,,
891,101378,101378,0,,
891,101379,101379,0,,
891,101380,101380,0,,
891,101381,101381,0,,
891,101529,101529,0,,
891,101530,101530,0,,
891,149046,149046,0,,
891,149047,149047,0,,
893,100495,100495,1,,
893,100496,100496,1,,
893,101565,101565,0,,
893,101566,101566,0,,
893,101567,101567,0,,
893,101568,101568,0,,
893,101569,101569,0,,
893,101570,101570,0,,
893,101571,101571,0,,
893,101572,101572,0,,
893,101573,101573,0,,
893,101574,101574,0,,
893,101575,101575,0,,
893,101576,101576,0,,
894,100588,100588,1,,
894,101704,101704,0,,
894,101705,101705,0,,
895,100047,100047,1,,
895,100048,100048,1,,
895,100049,100049,1,,
895,100050,100050,1,,
895,100051,100051,1,,
895,100052,100052,1,,
895,100053,100053,1,,
895,100054,100054,1,,
895,100055,100055,1,,
895,100056,100056,1,,
895,100057,100057,1,,
895,100058,100058,1,,
895,100357,100357,1,,
895,100358,100358,1,,
895,100359,100359,1,,
895,100360,100360,1,,
895,100433,100433,1,,
895,100434,100434,1,,
895,100435,100435,1,,
895,100436,100436,1,,
895,100437,100437,1,,
895,100438,100438,1,,
895,100439,100439,1,,
895,100440,100440,1,,
895,100441,100441,1,,
895,100442,100442,1,,
895,100443,100443,1,,
895,100444,100444,1,,
895,100445,100445,1,,
895,100446,100446,1,,
895,100447,100447,1,,
895,100448,100448,1,,
895,100449,100449,1,,
895,100450,100450,1,,
895,100451,100451,1,,
895,100452,100452,1,,
895,100453,100453,1,,
895,100454,100454,1,,
895,104056,104056,0,,
895,104057,104057,0,,
895,104058,104058,0,,
895,104059,104059,0,,
895,104060,104060,0,,
895,104061,104061,0,,
895,104062,104062,0,,
895,104063,104063,0,,
895,104064,104064,0,,
895,104065,104065,0,,
895,104066,104066,0,,
895,104067,104067,0,,
895,104068,104068,0,,
895,104069,104069,0,,
895,104070,104070,0,,
895,104071,104071,0,,
895,104072,104072,0,,
895,104073,104073,0,,
895,104074,104074,0,,
895,104075,104075,0,,
895,104076,104076,0,,
895,104077,104077,0,,
895,104078,104078,0,,
895,104079,104079,0,,
895,104080,104080,0,,
895,104081,104081,0,,
895,104082,104082,0,,
895,104083,104083,0,,
895,104084,104084,0,,
895,104085,104085,0,,
895,104086,104086,0,,
895,104087,104087,0,,
895,104088,104088,0,,
895,104089,104089,0,,
895,104090,104090,0,,
895,104091,104091,0,,
895,104092,104092,0,,
895,104093,104093,0,,
895,104094,104094,0,,
901,103791,103791,0,,
901,103792,103792,0,,
901,103949,103949,0,,
901,103951,103951,0,,
901,103952,103952,0,,
901,103953,103953,0,,
903,103802,103802,0,,
903,103803,103803,0,,
903,103804,103804,0,,
903,103805,103805,0,,
903,103990,103990,0,,
903,103991,103991,0,,
903,103992,103992,0,,
903,103993,103993,0,,
903,103994,103994,0,,
903,103995,103995,0,,
903,103996,103996,0,,
903,103997,103997,0,,
903,103998,103998,0,,
903,103999,103999,0,,
903,104000,104000,0,,
903,104001,104001,0,,
903,104002,104002,0,,
903,104003,104003,0,,
903,104004,104004,0,,
903,104005,104005,0,,
903,104006,104006,0,,
903,104007,104007,0,,
903,104008,104008,0,,
903,104009,104009,0,,
903,104010,104010,0,,
903,104011,104011,0,,
903,104012,104012,0,,
903,104013,104013,0,,
904,103827,103827,0,,
904,103828,103828,0,,
904,103829,103829,0,,
904,103830,103830,0,,
904,103831,103831,0,,
904,103832,103832,0,,
904,103833,103833,0,,
904,103834,103834,0,,
904,103835,103835,1,,
904,103836,103836,1,,
904,103837,103837,1,,
904,103838,103838,1,,
904,103839,103839,1,,
904,103840,103840,1,,
904,103841,103841,1,,
904,103842,103842,1,,
904,103843,103843,1,,
904,103844,103844,1,,
904,103845,103845,1,,
904,103846,103846,1,,
904,103847,103847,1,,
904,103848,103848,1,,
904,103849,103849,1,,
904,103850,103850,1,,
906,103869,103869,0,,
906,103870,103870,0,,
906,103871,103871,0,,
906,103872,103872,0,,
906,103873,103873,0,,
906,103874,103874,0,,
906,103875,103875,0,,
906,103876,103876,0,,
906,103877,103877,0,,
906,103878,103878,0,,
906,103879,103879,0,,
906,103880,103880,0,,
906,103881,103881,0,,
906,103882,103882,0,,
906,103883,103883,0,,
906,103884,103884,0,,
906,103894,103894,1,,
906,103895,103895,1,,
906,103896,103896,1,,
906,103897,103897,1,,
906,103898,103898,1,,
906,103899,103899,1,,
906,103900,103900,1,,
906,103901,103901,1,,
906,103902,103902,1,,
906,103903,103903,1,,
906,103904,103904,1,,
906,103905,103905,1,,
906,103906,103906,1,,
906,103907,103907,1,,
906,103908,103908,1,,
906,103909,103909,1,,
906,103910,103910,1,,
906,103911,103911,1,,
906,103912,103912,1,,
906,103913,103913,1,,
906,103914,103914,1,,
906,103915,103915,1,,
906,103916,103916,1,,
906,103917,103917,1,,
906,149036,149036,0,,
906,149037,149037,0,,
906,149038,149038,0,,
906,149039,149039,0,,
906,149040,149040,0,,
906,149041,149041,0,,
906,149042,149042,0,,
906,149043,149043,0,,
906,149044,149044,0,,
906,149045,149045,1,,
907,103800,103800,1,,
907,103801,103801,1,,
907,185012,185012,0,,
908,185110,185110,0,,
908,185111,185111,0,,
908,185112,185112,0,,
908,185113,185113,0,,
908,185114,185114,0,,
908,185115,185115,0,,
908,185116,185116,0,,
908,185198,195198,0,,
908,185199,195199,0,,
908,185200,195200,0,,
908,185201,195201,0,,
908,185202,195202,0,,
908,185203,195203,0,,
908,185204,195204,0,,
909,185117,185117,0,,
909,185118,185118,0,,
909,185119,185119,0,,
909,185120,185120,0,,
909,185205,195205,0,,
909,185206,195206,0,,
909,185207,195207,0,,
909,185208,195208,0,,
910,185121,195121,0,,
910,185122,195122,0,,
910,185210,195210,0,,
910,185211,195211,0,,
910,185212,195212,0,,
911,185123,185123,0,,
911,185124,185124,0,,
911,185125,185125,0,,
911,185126,185126,0,,
911,185127,185127,0,,
911,185128,185128,0,,
912,185129,185129,0,,
912,185130,185130,0,,
913,185131,185131,0,,
913,185132,185132,0,,
914,185133,185133,0,,
914,185134,185134,0,,
914,185135,185135,0,,
914,185136,185136,0,,
915,185137,185137,0,,
915,185138,185138,0,,
915,185139,185139,0,,
915,185140,185140,0,,
915,185141,185141,0,,
915,185142,185142,0,,
915,185143,185143,0,,
915,185144,185144,0,,
916,185145,185145,0,,
916,185146,185146,0,,
916,185147,185147,0,,
916,185148,185148,0,,
916,185149,185149,0,,
916,185150,185150,0,,
916,185151,185151,0,,
916,185152,185152,0,,
916,185153,185153,0,,
916,185154,185154,0,,
916,185155,185155,0,,
916,185156,185156,0,,
916,185157,185157,0,,
916,185157,185158,0,,
916,185157,185159,0,,
916,185157,185160,0,,
916,185157,185161,0,,
916,185157,185162,0,,
916,185157,185163,0,,
916,185157,185164,0,,
916,185157,185165,0,,
916,185157,185166,0,,
916,185157,185167,0,,
916,185157,185168,0,,
916,185157,185169,0,,
916,185157,185170,0,,
916,185157,185171,0,,
916,185157,185172,0,,
916,185157,185173,0,,
917,185158,186000,0,,
917,185158,186001,0,,
917,185158,186002,0,,
917,185158,186003,0,,
917,185158,186004,0,,
917,185158,186005,0,,
917,185158,186006,0,,
917,185158,186007,0,,
917,185158,186008,0,,
917,185158,186009,0,,
917,185158,186010,0,,
917,185158,186011,0,,
917,185158,186012,0,,
917,185158,186013,0,,
917,185158,186014,0,,
917,185158,186015,0,,
917,185158,186016,0,,
917,185158,186017,0,,
917,185158,186018,0,,
917,185158,186019,0,,
917,185158,186020,0,,
917,185158,186021,0,,
917,185158,186022,0,,
917,185158,186023,0,,
917,185158,186024,0,,
917,185158,186025,0,,
917,185158,186026,0,,
917,185158,186027,0,,
917,185158,186028,0,,
917,185158,186029,0,,
917,185158,186030,0,,
917,185158,186031,0,,
917,185158,186032,0,,
917,185158,186033,0,,
917,185158,186034,0,,
917,185158,186035,0,,
917,185158,186036,0,,
917,185158,186037,0,,
917,185158,186038,0,,
917,185158,186039,0,,
917,185158,186040,0,,
917,185158,186041,0,,
917,185158,186042,0,,
917,185158,186043,0,,
917,185158,186044,0,,
917,185158,186045,0,,
917,185158,186046,0,,
917,185158,186047,0,,
917,185158,186048,0,,
917,185158,186049,0,,
917,185158,186050,0,,
917,185158,186051,0,,
917,185158,186052,0,,
917,185158,186053,0,,
917,185158,186054,0,,
917,185158,186055,0,,
917,185158,186056,0,,
917,185158,186057,0,,
917,185158,186058,0,,
917,185158,186059,0,,
917,185158,186060,0,,
917,185158,186061,0,,
917,185158,186062,0,,
917,185158,186063,0,,
917,185158,186064,0,,
917,185158,186065,0,,
917,185158,186066,0,,
917,185158,186067,0,,
917,185158,186068,0,,
918,186232,186232,0,,
918,186233,186233,0,,
918,186234,186234,0,,
918,186235,186235,0,,
919,186236,186236,0,,
919,186237,186237,0,,
919,186238,186238,0,,
919,186239,186239,0,,
919,186240,186240,0,,
919,186241,186241,0,,
919,186242,186242,0,,
919,186243,186243,0,,
919,186244,186244,0,,
919,186245,186245,0,,
919,186246,186246,0,,
919,186247,186247,0,,
919,186248,186248,0,,
919,186249,186249,0,,
919,186250,186250,0,,
919,186251,186251,0,,
919,186252,186252,0,,
919,186253,186253,0,,
920,186254,186254,0,,
920,186255,186255,0,,
920,186256,186256,0,,
920,186257,186257,0,,
