service_id,monday,tuesday,wednesday,thursday,friday,saturday,sunday,start_date,end_date
99348,0,0,0,0,0,0,1,20140506,20151231
99349,0,0,0,0,0,0,1,20140506,20151231
99350,0,0,0,0,0,0,1,20140506,20151231
99351,0,0,0,0,0,0,1,20140506,20151231
99352,1,1,1,1,1,1,0,20140506,20151231
99353,0,0,0,0,0,0,1,20140506,20151231
99356,1,1,1,1,1,1,0,20140506,20151231
99357,0,0,0,0,0,0,1,20140506,20151231
99358,1,1,1,1,1,1,0,20140506,20151231
99359,0,0,0,0,0,0,1,20140506,20151231
99360,1,1,1,1,1,1,0,20140506,20151231
99361,0,0,0,0,0,0,1,20140506,20151231
99362,1,1,1,1,1,1,0,20140506,20151231
99363,0,0,0,0,0,0,1,20140506,20151231
99366,1,1,1,1,1,1,0,20140506,20151231
99367,1,1,1,1,1,1,0,20140506,20151231
99368,1,1,1,1,1,1,0,20140506,20151231
99369,1,1,1,1,1,1,0,20140506,20151231
99370,1,1,1,1,1,1,0,20140506,20151231
99371,1,1,1,1,1,1,0,20140506,20151231
99372,1,1,1,1,1,1,0,20140506,20151231
99373,1,1,1,1,1,1,0,20140506,20151231
99374,1,1,1,1,1,1,0,20140506,20151231
99375,1,1,1,1,1,1,0,20140506,20151231
99376,1,1,1,1,1,1,0,20140506,20151231
99377,1,1,1,1,1,1,0,20140506,20151231
99378,1,1,1,1,1,1,0,20140506,20151231
99379,1,1,1,1,1,1,0,20140506,20151231
99380,1,1,1,1,1,1,0,20140506,20151231
99381,1,1,1,1,1,1,0,20140506,20151231
99382,1,1,1,1,1,1,0,20140506,20151231
99383,1,1,1,1,1,1,0,20140506,20151231
99384,1,1,1,1,1,1,0,20140506,20151231
99385,1,1,1,1,1,1,0,20140506,20151231
99386,1,1,1,1,1,1,0,20140506,20151231
99387,1,1,1,1,1,1,0,20140506,20151231
99388,1,1,1,1,1,1,0,20140506,20151231
99389,1,1,1,1,1,1,0,20140506,20151231
99390,1,1,1,1,1,1,0,20140506,20151231
99391,1,1,1,1,1,1,0,20140506,20151231
99392,1,1,1,1,1,1,0,20140506,20151231
99393,1,1,1,1,1,1,0,20140506,20151231
99394,1,1,1,1,1,1,0,20140506,20151231
99395,1,1,1,1,1,1,0,20140506,20151231
99396,1,1,1,1,1,1,0,20140506,20151231
99397,1,1,1,1,1,1,0,20140506,20151231
99398,1,1,1,1,1,1,0,20140506,20151231
99399,1,1,1,1,1,1,0,20140506,20151231
99400,1,1,1,1,1,1,0,20140506,20151231
99401,1,1,1,1,1,1,0,20140506,20151231
99402,0,0,0,0,0,0,1,20140506,20151231
99403,0,0,0,0,0,0,1,20140506,20151231
99404,0,0,0,0,0,0,1,20140506,20151231
99405,0,0,0,0,0,0,1,20140506,20151231
99406,0,0,0,0,0,0,1,20140506,20151231
99407,0,0,0,0,0,0,1,20140506,20151231
99408,0,0,0,0,0,0,1,20140506,20151231
99409,0,0,0,0,0,0,1,20140506,20151231
99410,0,0,0,0,0,0,1,20140506,20151231
99411,0,0,0,0,0,0,1,20140506,20151231
99412,0,0,0,0,0,0,1,20140506,20151231
99413,0,0,0,0,0,0,1,20140506,20151231
99414,0,0,0,0,0,0,1,20140506,20151231
99415,0,0,0,0,0,0,1,20140506,20151231
99416,0,0,0,0,0,0,1,20140506,20151231
99417,0,0,0,0,0,0,1,20140506,20151231
99418,0,0,0,0,0,0,1,20140506,20151231
99419,1,1,1,1,1,0,0,20140506,20151231
99420,1,1,1,1,1,0,0,20140506,20151231
99421,1,1,1,1,1,0,0,20140506,20151231
99422,1,1,1,1,1,0,0,20140506,20151231
99423,1,1,1,1,1,0,0,20140506,20151231
99424,0,0,0,0,0,1,1,20140506,20151231
99425,0,0,0,0,0,1,1,20140506,20151231
99426,0,0,0,0,0,0,1,20140506,20151231
99427,0,0,0,0,0,0,1,20140506,20151231
99428,0,0,0,0,0,0,1,20140506,20151231
99429,1,1,1,1,1,1,0,20140506,20151231
99430,0,0,0,0,0,0,1,20140506,20151231
99431,0,0,0,0,0,0,1,20140506,20151231
99432,0,0,0,0,0,0,1,20140506,20151231
99433,1,1,1,1,1,0,0,20140506,20151231
99434,0,0,0,0,0,1,1,20140506,20151231
99436,1,1,1,1,1,0,0,20140506,20151231
99437,0,0,0,0,0,1,1,20140506,20151231
99438,1,1,1,1,1,0,0,20140506,20151231
99488,0,0,0,0,0,0,1,20140506,20151231
99489,1,1,1,1,1,1,0,20140506,20151231
99490,0,0,0,0,0,0,1,20140506,20151231
99491,1,1,1,1,1,1,0,20140506,20151231
99494,0,0,0,0,0,0,1,20140506,20151231
99495,1,1,1,1,1,1,0,20140506,20151231
99496,0,0,0,0,0,0,1,20140506,20151231
99497,1,1,1,1,1,1,0,20140506,20151231
99498,0,0,0,0,0,0,1,20140506,20151231
99499,1,1,1,1,1,1,0,20140506,20151231
99500,0,0,0,0,0,0,1,20140506,20151231
99501,1,1,1,1,1,1,0,20140506,20151231
99502,0,0,0,0,0,0,1,20140506,20151231
99503,1,1,1,1,1,1,0,20140506,20151231
99504,0,0,0,0,0,0,1,20140506,20151231
99505,1,1,1,1,1,1,0,20140506,20151231
99506,0,0,0,0,0,0,1,20140506,20151231
99507,1,1,1,1,1,1,0,20140506,20151231
99508,0,0,0,0,0,0,1,20140506,20151231
99509,1,1,1,1,1,1,0,20140506,20151231
99510,0,0,0,0,0,0,1,20140506,20151231
99511,1,1,1,1,1,1,0,20140506,20151231
99535,0,0,0,0,0,0,1,20140506,20151231
99536,0,0,0,0,0,0,1,20140506,20151231
99537,0,0,0,0,0,0,1,20140506,20151231
99538,0,0,0,0,0,0,1,20140506,20151231
99539,0,0,0,0,0,0,1,20140506,20151231
99540,0,0,0,0,0,0,1,20140506,20151231
99541,0,0,0,0,0,0,1,20140506,20151231
99542,0,0,0,0,0,0,1,20140506,20151231
99543,0,0,0,0,0,0,1,20140506,20151231
99544,0,0,0,0,0,0,1,20140506,20151231
99545,0,0,0,0,0,0,1,20140506,20151231
99546,0,0,0,0,0,0,1,20140506,20151231
99547,0,0,0,0,0,0,1,20140506,20151231
99548,0,0,0,0,0,0,1,20140506,20151231
99549,0,0,0,0,0,0,1,20140506,20151231
99550,0,0,0,0,0,0,1,20140506,20151231
99551,0,0,0,0,0,0,1,20140506,20151231
99552,0,0,0,0,0,0,1,20140506,20151231
99553,0,0,0,0,0,0,1,20140506,20151231
99554,1,1,1,1,1,1,0,20140506,20151231
99555,0,0,0,0,0,0,1,20140506,20151231
99558,1,1,1,1,1,1,0,20140506,20151231
99559,0,0,0,0,0,0,1,20140506,20151231
99560,1,1,1,1,1,1,0,20140506,20151231
99561,0,0,0,0,0,0,1,20140506,20151231
99562,1,1,1,1,1,1,0,20140506,20151231
99563,0,0,0,0,0,0,1,20140506,20151231
99564,1,1,1,1,1,1,0,20140506,20151231
99565,1,1,1,1,1,1,0,20140506,20151231
99566,1,1,1,1,1,1,0,20140506,20151231
99567,1,1,1,1,1,1,0,20140506,20151231
99568,0,0,0,0,0,0,1,20140506,20151231
99569,0,0,0,0,0,0,1,20140506,20151231
99570,0,0,0,0,0,0,1,20140506,20151231
99571,0,0,0,0,0,0,1,20140506,20151231
99572,1,1,1,1,1,1,0,20140506,20151231
99573,1,1,1,1,1,1,0,20140506,20151231
99574,1,1,1,1,1,1,0,20140506,20151231
99575,1,1,1,1,1,1,0,20140506,20151231
99576,1,1,1,1,1,0,0,20140506,20151231
99577,1,1,1,1,1,0,0,20140506,20151231
99578,1,1,1,1,1,0,0,20140506,20151231
99579,1,1,1,1,1,0,0,20140506,20151231
99580,1,1,1,1,1,0,0,20140506,20151231
99581,1,1,1,1,1,0,0,20140506,20151231
99582,1,1,1,1,1,0,0,20140506,20151231
99583,1,1,1,1,1,0,0,20140506,20151231
99584,1,1,1,1,1,0,0,20140506,20151231
99585,1,1,1,1,1,0,0,20140506,20151231
99586,1,1,1,1,1,0,0,20140506,20151231
99587,1,1,1,1,1,0,0,20140506,20151231
99588,1,1,1,1,1,0,0,20140506,20151231
99589,1,1,1,1,1,0,0,20140506,20151231
99590,1,1,1,1,1,0,0,20140506,20151231
99591,1,1,1,1,1,0,0,20140506,20151231
99592,1,1,1,1,1,0,0,20140506,20151231
99593,1,1,1,1,1,0,0,20140506,20151231
99594,1,1,1,1,1,0,0,20140506,20151231
99595,1,1,1,1,1,0,0,20140506,20151231
99596,1,1,1,1,1,0,0,20140506,20151231
99597,1,1,1,1,1,0,0,20140506,20151231
99598,0,0,0,0,0,1,0,20140506,20151231
99599,0,0,0,0,0,0,1,20140506,20151231
99600,1,1,1,1,1,0,0,20140506,20151231
99601,1,1,1,1,1,0,0,20140506,20151231
99602,1,1,1,1,1,0,0,20140506,20151231
99603,1,1,1,1,1,0,0,20140506,20151231
99604,1,1,1,1,1,0,0,20140506,20151231
99605,1,1,1,1,1,0,0,20140506,20151231
99606,1,1,1,1,1,0,0,20140506,20151231
99607,1,1,1,1,1,0,0,20140506,20151231
99608,1,1,1,1,1,0,0,20140506,20151231
99609,1,1,1,1,1,0,0,20140506,20151231
99610,1,1,1,1,1,0,0,20140506,20151231
99611,1,1,1,1,1,0,0,20140506,20151231
99612,1,1,1,1,1,0,0,20140506,20151231
99613,1,1,1,1,1,0,0,20140506,20151231
99614,1,1,1,1,1,0,0,20140506,20151231
99615,1,1,1,1,1,0,0,20140506,20151231
99616,1,1,1,1,1,0,0,20140506,20151231
99617,1,1,1,1,1,0,0,20140506,20151231
99618,1,1,1,1,1,0,0,20140506,20151231
99619,1,1,1,1,1,0,0,20140506,20151231
99620,1,1,1,1,1,0,0,20140506,20151231
99621,1,1,1,1,1,0,0,20140506,20151231
99622,1,1,1,1,1,0,0,20140506,20151231
99623,1,1,1,1,1,0,0,20140506,20151231
99624,1,1,1,1,1,0,0,20140506,20151231
99625,1,1,1,1,1,0,0,20140506,20151231
99626,1,1,1,1,1,0,0,20140506,20151231
99627,1,1,1,1,1,0,0,20140506,20151231
99628,0,0,0,0,0,1,0,20140506,20151231
99629,0,0,0,0,0,1,0,20140506,20151231
99630,0,0,0,0,0,1,0,20140506,20151231
99631,0,0,0,0,0,1,0,20140506,20151231
99632,0,0,0,0,0,1,0,20140506,20151231
99633,0,0,0,0,0,1,0,20140506,20151231
99634,1,1,1,1,1,0,0,20140506,20151231
99635,1,1,1,1,1,0,0,20140506,20151231
99636,1,1,1,1,1,0,0,20140506,20151231
99637,1,1,1,1,1,0,0,20140506,20151231
99638,1,1,1,1,1,0,0,20140506,20151231
99639,1,1,1,1,1,0,0,20140506,20151231
99640,1,1,1,1,1,0,0,20140506,20151231
99641,1,1,1,1,1,0,0,20140506,20151231
99642,1,1,1,1,1,0,0,20140506,20151231
99643,1,1,1,1,1,0,0,20140506,20151231
99644,1,1,1,1,1,0,0,20140506,20151231
99645,1,1,1,1,1,0,0,20140506,20151231
99646,1,1,1,1,1,0,0,20140506,20151231
99647,1,1,1,1,1,0,0,20140506,20151231
99648,1,1,1,1,0,0,0,20140506,20151231
99649,1,1,1,1,0,0,0,20140506,20151231
99650,1,1,1,1,0,0,0,20140506,20151231
99651,1,1,1,1,0,0,0,20140506,20151231
99652,1,1,1,1,0,0,0,20140506,20151231
99653,1,1,1,1,0,0,0,20140506,20151231
99654,1,1,1,1,0,0,0,20140506,20151231
99655,1,1,1,1,0,0,0,20140506,20151231
99656,1,1,1,1,0,0,0,20140506,20151231
99657,0,0,0,0,1,0,0,20140506,20151231
99658,0,0,0,0,1,0,0,20140506,20151231
99659,0,0,0,0,1,0,0,20140506,20151231
99660,0,0,0,0,1,0,0,20140506,20151231
99661,0,0,0,0,1,0,0,20140506,20151231
99662,0,0,0,0,1,0,0,20140506,20151231
99663,0,0,0,0,1,0,0,20140506,20151231
99664,0,0,0,0,1,0,0,20140506,20151231
99665,0,0,0,0,1,0,0,20140506,20151231
99666,0,0,0,0,1,0,0,20140506,20151231
99667,0,0,0,0,1,0,0,20140506,20151231
99668,0,0,0,0,1,0,0,20140506,20151231
99669,1,1,1,1,1,0,0,20140506,20151231
99670,1,1,1,1,1,0,0,20140506,20151231
99671,1,1,1,1,1,0,0,20140506,20151231
99672,1,1,1,1,1,0,0,20140506,20151231
99673,1,1,1,1,1,0,0,20140506,20151231
99674,1,1,1,1,1,0,0,20140506,20151231
99675,1,1,1,1,1,0,0,20140506,20151231
99676,1,1,1,1,1,0,0,20140506,20151231
99677,1,1,1,1,1,0,0,20140506,20151231
99678,1,1,1,1,1,0,0,20140506,20151231
99679,1,1,1,1,1,0,0,20140506,20151231
99680,1,1,1,1,1,0,0,20140506,20151231
99681,1,1,1,1,1,0,0,20140506,20151231
99682,1,1,1,1,1,1,0,20140506,20151231
99683,1,1,1,1,1,1,0,20140506,20151231
99684,1,1,1,1,1,1,0,20140506,20151231
99685,1,1,1,1,1,1,0,20140506,20151231
99686,1,1,1,1,1,1,0,20140506,20151231
99687,1,1,1,1,1,1,0,20140506,20151231
99688,0,0,0,0,0,0,1,20140506,20151231
99689,0,0,0,0,0,0,1,20140506,20151231
99690,0,0,0,0,0,0,1,20140506,20151231
99691,0,0,0,0,0,0,1,20140506,20151231
99692,0,0,0,0,0,0,1,20140506,20151231
99693,0,0,0,0,0,0,1,20140506,20151231
99694,0,0,0,0,0,0,1,20140506,20151231
99695,1,1,1,1,1,1,0,20140506,20151231
99696,1,1,1,1,1,1,0,20140506,20151231
99697,1,1,1,1,1,1,0,20140506,20151231
99698,1,1,1,1,1,1,0,20140506,20151231
99699,0,0,0,0,0,0,1,20140506,20151231
99705,1,1,1,1,1,1,0,20140506,20151231
99706,1,1,1,1,1,1,0,20140506,20151231
99707,0,0,0,0,0,1,1,20140506,20151231
99708,1,1,1,1,1,0,0,20140506,20151231
99709,0,0,0,0,0,1,1,20140506,20151231
99710,1,1,1,1,1,0,0,20140506,20151231
99711,1,1,1,1,1,0,0,20140506,20151231
99712,0,0,0,0,0,1,1,20140506,20151231
99713,0,0,0,0,0,1,1,20140506,20151231
99714,0,0,0,0,0,1,1,20140506,20151231
99715,0,0,0,0,0,1,1,20140506,20151231
99716,0,0,0,0,0,1,1,20140506,20151231
99717,0,0,0,0,0,1,1,20140506,20151231
99718,0,0,0,0,0,1,1,20140506,20151231
99719,0,0,0,0,0,1,1,20140506,20151231
99720,1,1,1,1,1,0,0,20140506,20151231
99721,1,1,1,1,1,0,0,20140506,20151231
99722,1,1,1,1,1,0,0,20140506,20151231
99723,1,1,1,1,1,0,0,20140506,20151231
99724,1,1,1,1,1,0,0,20140506,20151231
99725,1,1,1,1,1,0,0,20140506,20151231
99726,1,1,1,1,1,0,0,20140506,20151231
99727,1,1,1,1,1,0,0,20140506,20151231
99728,1,1,1,1,1,0,0,20140506,20151231
99729,1,1,1,1,1,0,0,20140506,20151231
99730,1,1,1,1,1,0,0,20140506,20151231
99731,1,1,1,1,1,0,0,20140506,20151231
99732,1,1,1,1,1,0,0,20140506,20151231
99733,0,0,0,0,0,0,1,20140506,20151231
99734,0,0,0,0,0,0,1,20140506,20151231
99740,0,0,0,0,0,1,0,20140506,20151231
99741,1,1,1,1,1,1,0,20140506,20151231
99742,1,1,1,1,1,0,0,20140506,20151231
99743,1,1,1,1,1,0,0,20140506,20151231
99744,1,1,1,1,1,0,0,20140506,20151231
99745,1,1,1,1,1,0,0,20140506,20151231
99746,1,1,1,1,1,0,0,20140506,20151231
99747,1,1,1,1,1,0,0,20140506,20151231
99748,1,1,1,1,1,0,0,20140506,20151231
99749,1,1,1,1,1,0,0,20140506,20151231
99750,1,1,1,1,1,0,0,20140506,20151231
99751,1,1,1,1,1,0,0,20140506,20151231
99752,1,1,1,1,1,0,0,20140506,20151231
99753,1,1,1,1,1,0,0,20140506,20151231
99754,1,1,1,1,1,0,0,20140506,20151231
99755,1,1,1,1,1,0,0,20140506,20151231
99756,1,1,1,1,1,0,0,20140506,20151231
99757,1,1,1,1,1,0,0,20140506,20151231
99758,0,0,0,0,0,1,1,20140506,20151231
99759,0,0,0,0,0,1,1,20140506,20151231
99760,0,0,0,0,0,1,1,20140506,20151231
99761,0,0,0,0,0,1,1,20140506,20151231
99762,0,0,0,0,0,1,1,20140506,20151231
99763,0,0,0,0,0,1,1,20140506,20151231
99764,0,0,0,0,0,1,1,20140506,20151231
99765,0,0,0,0,0,1,1,20140506,20151231
99766,1,1,1,1,1,0,0,20140506,20151231
99767,1,1,1,1,1,0,0,20140506,20151231
99768,1,1,1,1,1,0,0,20140506,20151231
99769,0,0,0,0,0,1,1,20140506,20151231
99770,0,0,0,0,0,1,1,20140506,20151231
99771,1,1,1,1,1,0,0,20140506,20151231
99772,1,1,1,1,1,0,0,20140506,20151231
99773,1,1,1,1,1,0,0,20140506,20151231
99774,1,1,1,1,1,0,0,20140506,20151231
99775,1,1,1,1,1,0,0,20140506,20151231
99776,1,1,1,1,1,0,0,20140506,20151231
99777,0,0,0,0,0,1,1,20140506,20151231
99778,0,0,0,0,0,1,1,20140506,20151231
99779,0,0,0,0,0,1,1,20140506,20151231
99780,0,0,0,0,0,1,1,20140506,20151231
99781,0,0,0,0,0,1,1,20140506,20151231
99782,0,0,0,0,0,1,1,20140506,20151231
99783,1,1,1,1,1,0,0,20140506,20151231
99784,1,1,1,1,0,0,0,20140506,20151231
99785,1,1,1,1,0,0,0,20140506,20151231
99786,1,1,1,1,0,0,0,20140506,20151231
99787,1,1,1,1,0,0,0,20140506,20151231
99788,1,1,1,1,0,0,0,20140506,20151231
99789,1,1,1,1,0,0,0,20140506,20151231
99790,1,1,1,1,0,0,0,20140506,20151231
99791,1,1,1,1,0,0,0,20140506,20151231
99792,1,1,1,1,0,0,0,20140506,20151231
99793,1,1,1,1,0,0,0,20140506,20151231
99794,1,1,1,1,0,0,0,20140506,20151231
99795,1,1,1,1,0,0,0,20140506,20151231
99796,1,1,1,1,0,0,0,20140506,20151231
99797,1,1,1,1,0,0,0,20140506,20151231
99798,1,1,1,1,0,0,0,20140506,20151231
99799,1,1,1,1,0,0,0,20140506,20151231
99800,0,0,0,0,1,0,0,20140506,20151231
99801,0,0,0,0,1,0,0,20140506,20151231
99802,0,0,0,0,1,0,0,20140506,20151231
99803,0,0,0,0,1,0,0,20140506,20151231
99804,0,0,0,0,1,0,0,20140506,20151231
99805,0,0,0,0,1,0,0,20140506,20151231
99806,0,0,0,0,1,0,0,20140506,20151231
99807,0,0,0,0,1,0,0,20140506,20151231
99808,0,0,0,0,1,0,0,20140506,20151231
99809,0,0,0,0,1,0,0,20140506,20151231
99810,0,0,0,0,1,0,0,20140506,20151231
99811,0,0,0,0,1,0,0,20140506,20151231
99812,1,1,1,1,1,0,0,20140506,20151231
99813,0,0,0,0,0,1,1,20140506,20151231
99814,1,1,1,1,1,0,0,20140506,20151231
99815,0,0,0,0,0,1,1,20140506,20151231
99816,1,1,1,1,1,0,0,20140506,20151231
99817,0,0,0,0,0,1,1,20140506,20151231
99818,1,1,1,1,1,1,0,20140506,20151231
99819,0,0,0,0,0,0,1,20140506,20151231
99820,1,1,1,1,1,0,0,20140506,20151231
99821,0,0,0,0,0,1,0,20140506,20151231
99822,0,0,0,0,0,0,1,20140506,20151231
99823,0,0,0,0,0,0,1,20140506,20151231
99824,1,1,1,1,1,0,0,20140506,20151231
99825,0,0,0,0,0,1,0,20140506,20151231
99826,0,0,0,0,0,0,1,20140506,20151231
99827,0,0,0,0,0,0,1,20140506,20151231
99828,1,1,1,1,1,0,0,20140506,20151231
99829,0,0,0,0,0,1,1,20140506,20151231
99830,1,1,1,1,1,1,0,20140506,20151231
99831,1,1,1,1,1,1,0,20140506,20151231
99832,1,1,1,1,1,1,0,20140506,20151231
99833,1,1,1,1,1,0,0,20140506,20151231
99834,1,1,1,1,1,0,0,20140506,20151231
99835,1,1,1,1,1,0,0,20140506,20151231
99836,1,1,1,1,1,0,0,20140506,20151231
99837,1,1,1,1,1,0,0,20140506,20151231
99838,1,1,1,1,1,0,0,20140506,20151231
99839,1,1,1,1,1,0,0,20140506,20151231
99840,1,1,1,1,1,0,0,20140506,20151231
99841,1,1,1,1,1,0,0,20140506,20151231
99842,1,1,1,1,1,0,0,20140506,20151231
99843,1,1,1,1,1,0,0,20140506,20151231
99844,1,1,1,1,1,0,0,20140506,20151231
99845,1,1,1,1,1,0,0,20140506,20151231
99846,1,1,1,1,1,0,0,20140506,20151231
99847,1,1,1,1,1,0,0,20140506,20151231
99848,1,1,1,1,1,0,0,20140506,20151231
99849,1,1,1,1,1,0,0,20140506,20151231
99850,1,1,1,1,1,0,0,20140506,20151231
99851,1,1,1,1,1,0,0,20140506,20151231
99852,1,1,1,1,1,0,0,20140506,20151231
99853,1,1,1,1,1,0,0,20140506,20151231
99854,1,1,1,1,1,0,0,20140506,20151231
99855,1,1,1,1,1,0,0,20140506,20151231
99856,1,1,1,1,0,0,0,20140506,20151231
99857,1,1,1,1,0,0,0,20140506,20151231
99858,1,1,1,1,0,0,0,20140506,20151231
99859,1,1,1,1,0,0,0,20140506,20151231
99860,1,1,1,1,0,0,0,20140506,20151231
99861,1,1,1,1,0,0,0,20140506,20151231
99862,1,1,1,1,0,0,0,20140506,20151231
99863,1,1,1,1,0,0,0,20140506,20151231
99864,0,0,0,0,0,0,1,20140506,20151231
99865,1,1,1,1,1,1,0,20140506,20151231
99866,1,1,1,1,1,1,0,20140506,20151231
99867,1,1,1,1,1,1,0,20140506,20151231
99868,1,1,1,1,1,1,0,20140506,20151231
99869,1,1,1,1,1,1,0,20140506,20151231
99870,1,1,1,1,1,1,0,20140506,20151231
99871,1,1,1,1,1,1,0,20140506,20151231
99872,1,1,1,1,1,1,0,20140506,20151231
99873,1,1,1,1,1,1,0,20140506,20151231
99874,1,1,1,1,1,1,0,20140506,20151231
99875,1,1,1,1,1,1,0,20140506,20151231
99876,1,1,1,1,1,1,0,20140506,20151231
99877,1,1,1,1,1,1,0,20140506,20151231
99878,1,1,1,1,1,1,0,20140506,20151231
99879,1,1,1,1,1,1,0,20140506,20151231
99880,1,1,1,1,1,1,0,20140506,20151231
99881,0,0,0,0,1,0,0,20140506,20151231
99882,0,0,0,0,1,0,0,20140506,20151231
99883,1,1,1,1,1,0,0,20140506,20151231
99884,1,1,1,1,1,0,0,20140506,20151231
99885,1,1,1,1,1,0,0,20140506,20151231
99886,1,1,1,1,1,0,0,20140506,20151231
99887,1,1,1,1,1,0,0,20140506,20151231
99888,1,1,1,1,1,0,0,20140506,20151231
99889,1,1,1,1,1,0,0,20140506,20151231
99890,1,1,1,1,1,0,0,20140506,20151231
99891,1,1,1,1,1,0,0,20140506,20151231
99892,1,1,1,1,1,0,0,20140506,20151231
99893,1,1,1,1,1,0,0,20140506,20151231
99894,1,1,1,1,1,0,0,20140506,20151231
99895,1,1,1,1,1,0,0,20140506,20151231
99896,1,1,1,1,1,0,0,20140506,20151231
99897,1,1,1,1,1,0,0,20140506,20151231
99898,1,1,1,1,1,0,0,20140506,20151231
99899,1,1,1,1,1,0,0,20140506,20151231
99900,1,1,1,1,1,0,0,20140506,20151231
99901,1,1,1,1,1,0,0,20140506,20151231
99902,1,1,1,1,1,0,0,20140506,20151231
99903,1,1,1,1,1,0,0,20140506,20151231
99904,1,1,1,1,1,0,0,20140506,20151231
99905,1,1,1,1,1,0,0,20140506,20151231
99906,1,1,1,1,1,0,0,20140506,20151231
99907,1,1,1,1,1,0,0,20140506,20151231
99908,1,1,1,1,1,0,0,20140506,20151231
99909,1,1,1,1,1,0,0,20140506,20151231
99910,1,1,1,1,1,0,0,20140506,20151231
99911,1,1,1,1,1,0,0,20140506,20151231
99912,1,1,1,1,1,0,0,20140506,20151231
99913,1,1,1,1,1,0,0,20140506,20151231
99914,1,1,1,1,1,0,0,20140506,20151231
99915,1,1,1,1,1,0,0,20140506,20151231
99916,1,1,1,1,1,0,0,20140506,20151231
99917,1,1,1,1,1,0,0,20140506,20151231
99918,1,1,1,1,1,0,0,20140506,20151231
99919,1,1,1,1,1,0,0,20140506,20151231
99920,1,1,1,1,1,0,0,20140506,20151231
99921,1,1,1,1,1,0,0,20140506,20151231
99922,1,1,1,1,1,0,0,20140506,20151231
99923,1,1,1,1,1,0,0,20140506,20151231
99924,1,1,1,1,1,0,0,20140506,20151231
99925,1,1,1,1,1,0,0,20140506,20151231
99926,1,1,1,1,1,0,0,20140506,20151231
99927,1,1,1,1,1,0,0,20140506,20151231
99928,1,1,1,1,1,0,0,20140506,20151231
99929,1,1,1,1,1,0,0,20140506,20151231
99930,1,1,1,1,1,0,0,20140506,20151231
99931,1,1,1,1,1,0,0,20140506,20151231
99932,1,1,1,1,1,1,0,20140506,20151231
99933,1,1,1,1,1,1,0,20140506,20151231
99934,1,1,1,1,1,1,0,20140506,20151231
99935,1,1,1,1,1,1,0,20140506,20151231
99936,1,1,1,1,1,1,0,20140506,20151231
99937,1,1,1,1,1,1,0,20140506,20151231
99938,1,1,1,1,1,1,0,20140506,20151231
99939,1,1,1,1,1,1,0,20140506,20151231
99940,1,1,1,1,1,1,0,20140506,20151231
99941,1,1,1,1,1,1,0,20140506,20151231
99942,1,1,1,1,1,1,0,20140506,20151231
99943,1,1,1,1,1,1,0,20140506,20151231
99944,1,1,1,1,1,1,0,20140506,20151231
99945,0,0,0,0,0,0,1,20140506,20151231
99946,0,0,0,0,0,0,1,20140506,20151231
99947,0,0,0,0,0,0,1,20140506,20151231
99948,0,0,0,0,0,0,1,20140506,20151231
99949,0,0,0,0,0,0,1,20140506,20151231
99950,0,0,0,0,0,0,1,20140506,20151231
99951,0,0,0,0,0,0,1,20140506,20151231
99952,0,0,0,0,0,0,1,20140506,20151231
99953,0,0,0,0,0,0,1,20140506,20151231
99954,0,0,0,0,0,0,1,20140506,20151231
99955,0,0,0,0,0,0,1,20140506,20151231
99956,0,0,0,0,0,0,1,20140506,20151231
99957,0,0,0,0,0,0,1,20140506,20151231
99958,0,0,0,0,0,0,1,20140506,20151231
99959,1,1,1,1,1,0,0,20140506,20151231
99960,1,1,1,1,1,0,0,20140506,20151231
99961,1,1,1,1,1,0,0,20140506,20151231
99962,1,1,1,1,1,0,0,20140506,20151231
99963,0,0,0,0,0,1,1,20140506,20151231
99964,1,1,1,1,1,0,0,20140506,20151231
99965,1,1,1,1,1,0,0,20140506,20151231
99966,1,1,1,1,1,0,0,20140506,20151231
99967,1,1,1,1,1,0,0,20140506,20151231
99968,1,1,1,1,1,0,0,20140506,20151231
99969,1,1,1,1,1,0,0,20140506,20151231
99970,0,0,0,0,0,1,1,20140506,20151231
99971,1,1,1,1,1,0,0,20140506,20151231
99972,1,1,1,1,1,1,0,20140506,20151231
99973,0,0,0,0,0,0,1,20140506,20151231
99974,1,0,0,0,0,0,0,20140506,20151231
99975,1,0,0,0,0,0,0,20140506,20151231
99976,1,0,0,0,0,0,0,20140506,20151231
99977,1,0,0,0,0,0,0,20140506,20151231
99978,1,0,0,0,0,0,0,20140506,20151231
99979,0,0,0,0,0,0,1,20140506,20151231
99980,0,0,0,0,0,0,1,20140506,20151231
99981,0,0,0,0,0,0,1,20140506,20151231
99982,0,0,0,0,0,0,1,20140506,20151231
99983,0,0,0,0,0,0,1,20140506,20151231
99984,0,0,0,0,0,0,1,20140506,20151231
99985,0,0,0,0,0,0,1,20140506,20151231
99986,0,0,0,0,0,0,1,20140506,20151231
99987,0,0,0,0,0,0,1,20140506,20151231
99988,0,0,0,0,0,0,1,20140506,20151231
99989,0,0,0,0,0,0,1,20140506,20151231
99990,0,0,0,0,0,0,1,20140506,20151231
99991,0,0,0,0,0,0,1,20140506,20151231
99992,0,0,0,0,0,0,1,20140506,20151231
99993,0,0,0,0,0,0,1,20140506,20151231
100046,1,1,1,1,1,1,0,20140506,20151231
100047,0,0,0,0,0,0,1,20140506,20151231
100048,0,0,0,0,0,0,1,20140506,20151231
100049,0,0,0,0,0,0,1,20140506,20151231
100050,0,0,0,0,0,0,1,20140506,20151231
100051,0,0,0,0,0,0,1,20140506,20151231
100052,0,0,0,0,0,0,1,20140506,20151231
100053,0,0,0,0,0,0,1,20140506,20151231
100054,0,0,0,0,0,0,1,20140506,20151231
100055,0,0,0,0,0,0,1,20140506,20151231
100056,0,0,0,0,0,0,1,20140506,20151231
100057,0,0,0,0,0,0,1,20140506,20151231
100058,0,0,0,0,0,0,1,20140506,20151231
100059,1,1,1,1,1,1,0,20140506,20151231
100060,0,0,0,0,0,0,1,20140506,20151231
100061,1,0,0,0,0,0,0,20140506,20151231
100062,1,0,0,0,0,0,0,20140506,20151231
100063,1,0,0,0,0,0,0,20140506,20151231
100064,0,0,0,0,0,0,1,20140506,20151231
100065,0,0,0,0,0,0,1,20140506,20151231
100066,0,0,0,0,0,0,1,20140506,20151231
100067,0,0,0,0,0,0,1,20140506,20151231
100068,0,0,0,0,0,0,1,20140506,20151231
100069,0,0,0,0,0,0,1,20140506,20151231
100070,0,0,0,0,0,0,1,20140506,20151231
100071,1,0,0,0,0,0,0,20140506,20151231
100072,1,0,0,0,0,0,0,20140506,20151231
100073,1,0,0,0,0,0,0,20140506,20151231
100074,1,0,0,0,0,0,0,20140506,20151231
100075,1,0,0,0,0,0,0,20140506,20151231
100076,1,0,0,0,0,0,0,20140506,20151231
100077,1,0,0,0,0,0,0,20140506,20151231
100078,1,0,0,0,0,0,0,20140506,20151231
100079,0,0,0,0,0,0,1,20140506,20151231
100080,0,0,0,0,0,0,1,20140506,20151231
100081,0,0,0,0,0,0,1,20140506,20151231
100082,0,0,0,0,0,0,1,20140506,20151231
100083,0,0,0,0,0,0,1,20140506,20151231
100084,0,0,0,0,0,0,1,20140506,20151231
100085,0,0,0,0,0,0,1,20140506,20151231
100086,1,1,1,1,1,0,0,20140506,20151231
100087,0,0,0,0,0,1,0,20140506,20151231
100088,0,0,0,0,0,0,1,20140506,20151231
100089,1,1,1,1,1,0,0,20140506,20151231
100090,1,1,1,1,1,0,0,20140506,20151231
100091,0,0,0,0,0,1,0,20140506,20151231
100092,0,0,0,0,0,0,1,20140506,20151231
100093,1,1,1,1,1,0,0,20140506,20151231
100094,1,1,1,1,1,1,0,20140506,20151231
100095,1,1,1,1,1,1,0,20140506,20151231
100096,1,1,1,1,1,1,0,20140506,20151231
100097,0,0,0,0,0,0,1,20140506,20151231
100098,1,1,1,1,1,1,0,20140506,20151231
100099,1,1,1,1,1,1,0,20140506,20151231
100100,1,1,1,1,1,1,0,20140506,20151231
100101,0,0,0,0,0,0,1,20140506,20151231
100102,1,1,1,1,1,1,0,20140506,20151231
100103,0,0,0,0,0,0,1,20140506,20151231
100130,0,0,0,0,0,0,1,20140506,20151231
100131,1,1,1,1,1,1,0,20140506,20151231
100132,0,0,0,0,0,0,1,20140506,20151231
100133,1,1,1,1,1,1,0,20140506,20151231
100134,1,1,1,1,1,0,0,20140506,20151231
100135,1,1,1,1,1,0,0,20140506,20151231
100136,1,1,1,1,1,0,0,20140506,20151231
100137,1,1,1,1,1,0,0,20140506,20151231
100138,1,1,1,1,1,0,0,20140506,20151231
100139,1,1,1,1,1,0,0,20140506,20151231
100140,0,0,0,0,0,1,1,20140506,20151231
100141,0,0,0,0,0,1,1,20140506,20151231
100142,0,0,0,0,0,1,1,20140506,20151231
100143,0,0,0,0,0,1,1,20140506,20151231
100144,0,0,0,0,0,1,1,20140506,20151231
100145,0,0,0,0,0,1,1,20140506,20151231
100146,1,1,1,1,1,0,0,20140506,20151231
100147,1,1,1,1,1,0,0,20140506,20151231
100148,1,1,1,1,1,0,0,20140506,20151231
100149,0,0,0,0,0,1,1,20140506,20151231
100150,0,0,0,0,0,1,1,20140506,20151231
100151,1,1,1,1,1,0,0,20140506,20151231
100152,1,1,1,1,1,0,0,20140506,20151231
100153,1,1,1,1,1,0,0,20140506,20151231
100154,1,1,1,1,1,0,0,20140506,20151231
100155,1,1,1,1,1,0,0,20140506,20151231
100156,1,1,1,1,1,0,0,20140506,20151231
100157,0,0,0,0,0,1,1,20140506,20151231
100158,0,0,0,0,0,1,1,20140506,20151231
100159,0,0,0,0,0,1,1,20140506,20151231
100160,0,0,0,0,0,1,1,20140506,20151231
100161,0,0,0,0,0,1,1,20140506,20151231
100162,0,0,0,0,0,1,1,20140506,20151231
100163,0,0,0,0,0,1,1,20140506,20151231
100164,1,1,1,1,1,1,0,20140506,20151231
100165,1,1,1,1,1,1,0,20140506,20151231
100166,1,1,1,1,1,1,0,20140506,20151231
100167,1,1,1,1,1,1,0,20140506,20151231
100168,0,0,0,0,0,0,1,20140506,20151231
100169,0,0,0,0,0,0,1,20140506,20151231
100170,0,0,0,0,0,0,1,20140506,20151231
100171,1,1,1,1,1,1,0,20140506,20151231
100172,1,1,1,1,1,1,0,20140506,20151231
100173,1,1,1,1,1,1,0,20140506,20151231
100174,1,1,1,1,1,1,0,20140506,20151231
100175,0,0,0,0,0,0,1,20140506,20151231
100176,0,0,0,0,0,0,1,20140506,20151231
100177,1,1,1,1,1,0,0,20140506,20151231
100178,1,1,1,1,1,0,0,20140506,20151231
100179,0,0,0,0,0,1,1,20140506,20151231
100180,0,0,0,0,0,1,1,20140506,20151231
100181,1,1,1,1,1,0,0,20140506,20151231
100182,1,1,1,1,1,0,0,20140506,20151231
100183,1,1,1,1,1,0,0,20140506,20151231
100184,0,0,0,0,0,1,0,20140506,20151231
100185,0,0,0,0,0,0,1,20140506,20151231
100186,1,1,1,1,1,0,0,20140506,20151231
100187,1,1,1,1,1,0,0,20140506,20151231
100188,1,1,1,1,1,0,0,20140506,20151231
100189,1,1,1,1,1,0,0,20140506,20151231
100190,1,1,1,1,1,0,0,20140506,20151231
100191,1,1,1,1,1,0,0,20140506,20151231
100192,1,1,1,1,1,0,0,20140506,20151231
100193,1,1,1,1,1,0,0,20140506,20151231
100194,1,1,1,1,1,0,0,20140506,20151231
100195,1,1,1,1,1,0,0,20140506,20151231
100196,1,1,1,1,1,0,0,20140506,20151231
100197,1,1,1,1,1,0,0,20140506,20151231
100198,1,1,1,1,1,0,0,20140506,20151231
100199,1,1,1,1,1,0,0,20140506,20151231
100200,1,1,1,1,1,0,0,20140506,20151231
100201,1,1,1,1,1,0,0,20140506,20151231
100202,1,1,1,1,1,0,0,20140506,20151231
100203,1,1,1,1,1,0,0,20140506,20151231
100243,1,1,1,1,1,0,0,20140506,20151231
100244,1,1,1,1,1,0,0,20140506,20151231
100245,1,1,1,1,1,0,0,20140506,20151231
100246,1,1,1,1,1,0,0,20140506,20151231
100247,1,1,1,1,1,0,0,20140506,20151231
100248,1,1,1,1,1,0,0,20140506,20151231
100249,1,1,1,1,1,0,0,20140506,20151231
100250,1,1,1,1,1,0,0,20140506,20151231
100251,1,1,1,1,1,0,0,20140506,20151231
100252,1,1,1,1,1,0,0,20140506,20151231
100253,1,1,1,1,1,0,0,20140506,20151231
100254,1,1,1,1,1,0,0,20140506,20151231
100255,0,0,0,0,0,1,1,20140506,20151231
100256,0,0,0,0,0,1,1,20140506,20151231
100257,0,0,0,0,0,1,1,20140506,20151231
100258,0,0,0,0,0,1,1,20140506,20151231
100278,0,0,0,0,0,0,1,20140506,20151231
100279,1,1,1,1,1,0,0,20140506,20151231
100280,1,1,1,1,1,0,0,20140506,20151231
100281,1,1,1,1,1,0,0,20140506,20151231
100282,1,1,1,1,1,0,0,20140506,20151231
100283,1,1,1,1,1,0,0,20140506,20151231
100284,1,1,1,1,1,0,0,20140506,20151231
100285,1,1,1,1,1,0,0,20140506,20151231
100286,1,1,1,1,1,0,0,20140506,20151231
100287,1,1,1,1,1,1,0,20140506,20151231
100288,0,0,0,0,0,0,1,20140506,20151231
100289,1,1,1,1,1,0,0,20140506,20151231
100290,1,1,1,1,1,0,0,20140506,20151231
100291,1,1,1,1,1,0,0,20140506,20151231
100292,1,1,1,1,1,0,0,20140506,20151231
100293,1,1,1,1,1,0,0,20140506,20151231
100294,1,1,1,1,1,0,0,20140506,20151231
100295,1,1,1,1,1,0,0,20140506,20151231
100296,1,1,1,1,1,0,0,20140506,20151231
100297,1,1,1,1,1,1,0,20140506,20151231
100298,1,1,1,1,1,1,0,20140506,20151231
100299,1,1,1,1,1,1,0,20140506,20151231
100300,1,1,1,1,1,1,0,20140506,20151231
100301,0,0,0,0,0,0,1,20140506,20151231
100302,0,0,0,0,0,0,1,20140506,20151231
100303,0,0,0,0,0,0,1,20140506,20151231
100304,1,1,1,1,1,1,0,20140506,20151231
100305,1,1,1,1,1,1,0,20140506,20151231
100306,1,1,1,1,1,1,0,20140506,20151231
100307,1,1,1,1,1,1,0,20140506,20151231
100308,0,0,0,0,0,0,1,20140506,20151231
100309,0,0,0,0,0,0,1,20140506,20151231
100310,0,0,0,0,0,0,1,20140506,20151231
100311,1,1,1,1,1,0,0,20150101,20151231
100312,0,0,0,0,0,0,1,20150101,20151231
100313,1,1,1,1,1,0,0,20140506,20151231
100314,0,0,0,0,0,1,0,20140506,20151231
100315,0,0,0,0,0,0,1,20140506,20151231
100316,1,1,1,1,1,0,0,20140506,20151231
100317,0,0,0,0,0,1,0,20140506,20151231
100318,0,0,0,0,0,0,1,20140506,20151231
100319,1,1,1,1,1,0,0,20140506,20151231
100320,0,0,0,0,0,1,0,20140506,20151231
100321,1,1,1,1,1,0,0,20140506,20151231
100322,0,0,0,0,0,1,0,20140506,20151231
100331,1,1,1,1,1,0,0,20140506,20151231
100332,1,1,1,1,1,0,0,20140506,20151231
100333,1,1,1,1,1,0,0,20140506,20151231
100334,1,1,1,1,1,0,0,20140506,20151231
100335,1,1,1,1,1,0,0,20140506,20151231
100336,1,1,1,1,1,0,0,20140506,20151231
100337,1,1,1,1,1,0,0,20140506,20151231
100338,1,1,1,1,1,0,0,20140506,20151231
100339,1,1,1,1,1,0,0,20140506,20151231
100340,1,1,1,1,1,0,0,20140506,20151231
100341,1,1,1,1,1,0,0,20140506,20151231
100342,1,1,1,1,1,0,0,20140506,20151231
100343,1,1,1,1,1,0,0,20140506,20151231
100344,1,1,1,1,1,0,0,20140506,20151231
100345,1,1,1,1,1,0,0,20140506,20151231
100346,1,1,1,1,1,0,0,20140506,20151231
100347,1,1,1,1,1,0,0,20140506,20151231
100348,1,1,1,1,1,0,0,20140506,20151231
100349,1,1,1,1,1,0,0,20140506,20151231
100350,1,1,1,1,1,0,0,20140506,20151231
100351,1,1,1,1,1,0,0,20140506,20151231
100352,1,1,1,1,1,0,0,20140506,20151231
100353,0,0,0,0,0,1,1,20140506,20151231
100354,1,1,1,1,1,0,0,20140506,20151231
100355,0,0,0,0,0,1,1,20140506,20151231
100356,1,1,1,1,1,0,0,20140506,20151231
100357,0,0,0,0,0,0,1,20140506,20151231
100358,0,0,0,0,0,0,1,20140506,20151231
100359,0,0,0,0,0,0,1,20140506,20151231
100360,0,0,0,0,0,0,1,20140506,20151231
100395,1,1,1,1,1,1,0,20140506,20151231
100396,1,1,1,1,1,1,0,20140506,20151231
100397,1,1,1,1,1,1,0,20140506,20151231
100398,1,1,1,1,1,1,0,20140506,20151231
100399,1,1,1,1,1,1,0,20140506,20151231
100400,0,0,0,0,0,0,1,20140506,20151231
100401,0,0,0,0,0,0,1,20140506,20151231
100402,0,0,0,0,0,0,1,20140506,20151231
100403,0,0,0,0,0,0,1,20140506,20151231
100404,0,0,0,0,0,0,1,20140506,20151231
100405,1,1,1,1,1,1,0,20140506,20151231
100406,1,1,1,1,1,1,0,20140506,20151231
100407,1,1,1,1,1,1,0,20140506,20151231
100408,1,1,1,1,1,1,0,20140506,20151231
100409,1,1,1,1,1,1,0,20140506,20151231
100410,0,0,0,0,0,0,1,20140506,20151231
100411,0,0,0,0,0,0,1,20140506,20151231
100412,0,0,0,0,0,0,1,20140506,20151231
100413,0,0,0,0,0,0,1,20140506,20151231
100414,0,0,0,0,0,0,1,20140506,20151231
100415,1,1,1,1,1,0,0,20150101,20151231
100416,1,1,1,1,1,0,0,20150101,20151231
100417,1,1,1,1,1,0,0,20150101,20151231
100418,1,1,1,1,1,0,0,20150101,20151231
100419,1,1,1,1,1,0,0,20150101,20151231
100420,1,1,1,1,1,0,0,20150101,20151231
100421,1,1,1,1,1,0,0,20140506,20151231
100422,1,1,1,1,1,0,0,20140506,20151231
100423,1,1,1,1,1,0,0,20140506,20151231
100424,1,1,1,1,1,0,0,20140506,20151231
100425,1,1,1,1,1,0,0,20140506,20151231
100426,1,1,1,1,1,0,0,20140506,20151231
100427,1,1,1,1,1,0,0,20140506,20151231
100428,0,0,0,0,0,1,1,20140506,20151231
100429,1,1,1,1,1,0,0,20140506,20151231
100433,1,1,1,1,1,1,0,20140506,20151231
100434,1,1,1,1,1,1,0,20140506,20151231
100435,1,1,1,1,1,1,0,20140506,20151231
100436,1,1,1,1,1,1,0,20140506,20151231
100437,1,1,1,1,1,1,0,20140506,20151231
100438,1,1,1,1,1,1,0,20140506,20151231
100439,1,1,1,1,1,1,0,20140506,20151231
100440,1,1,1,1,1,1,0,20140506,20151231
100441,1,1,1,1,1,1,0,20140506,20151231
100442,1,1,1,1,1,1,0,20140506,20151231
100443,1,1,1,1,1,1,0,20140506,20151231
100444,1,1,1,1,1,1,0,20140506,20151231
100445,1,1,1,1,1,1,0,20140506,20151231
100446,1,1,1,1,1,1,0,20140506,20151231
100447,1,1,1,1,1,1,0,20140506,20151231
100448,1,1,1,1,1,1,0,20140506,20151231
100449,1,1,1,1,1,1,0,20140506,20151231
100450,1,1,1,1,1,1,0,20140506,20151231
100451,1,1,1,1,1,1,0,20140506,20151231
100452,1,1,1,1,1,1,0,20140506,20151231
100453,1,1,1,1,1,1,0,20140506,20151231
100454,0,0,0,0,0,0,1,20140506,20151231
100455,1,1,1,1,1,0,0,20140506,20151231
100456,1,1,1,1,1,0,0,20140506,20151231
100457,1,1,1,1,1,0,0,20140506,20151231
100458,1,1,1,1,1,0,0,20140506,20151231
100459,1,1,1,1,1,0,0,20140506,20151231
100460,0,0,0,0,0,1,1,20140506,20151231
100461,0,0,0,0,0,1,1,20140506,20151231
100462,0,0,0,0,0,1,1,20140506,20151231
100463,0,0,0,0,0,1,1,20140506,20151231
100464,0,0,0,0,0,1,1,20140506,20151231
100465,1,1,1,1,1,0,0,20140506,20151231
100466,1,1,1,1,1,0,0,20140506,20151231
100467,1,1,1,1,1,0,0,20140506,20151231
100468,1,1,1,1,1,0,0,20140506,20151231
100469,1,1,1,1,1,0,0,20140506,20151231
100470,1,1,1,1,1,0,0,20140506,20151231
100471,0,0,0,0,0,1,1,20140506,20151231
100472,0,0,0,0,0,1,1,20140506,20151231
100473,0,0,0,0,0,1,1,20140506,20151231
100476,1,1,1,1,1,0,0,20140506,20151231
100477,0,0,0,0,0,1,1,20140506,20151231
100495,1,1,1,1,1,1,0,20140506,20151231
100496,0,0,0,0,0,0,1,20140506,20151231
100497,1,1,1,1,1,1,0,20140506,20151231
100498,1,1,1,1,1,0,0,20140506,20151231
100499,0,0,0,0,0,0,1,20140506,20151231
100500,1,1,1,1,1,1,0,20140506,20151231
100501,1,1,1,1,1,0,0,20140506,20151231
100502,0,0,0,0,0,0,1,20140506,20151231
100503,1,1,1,1,1,1,0,20140506,20151231
100504,0,0,0,0,0,0,1,20140506,20151231
100531,1,1,1,1,1,0,0,20140506,20151231
100532,0,0,0,0,0,1,0,20140506,20151231
100533,1,1,1,1,1,1,0,20140506,20151231
100534,1,1,1,1,1,0,0,20140506,20151231
100535,0,0,0,0,0,1,0,20140506,20151231
100536,1,1,1,1,1,1,0,20140506,20151231
100537,0,0,0,0,0,0,1,20140506,20151231
100538,1,1,1,1,1,1,0,20140506,20151231
100539,1,1,1,1,1,0,0,20140506,20151231
100540,1,1,1,1,1,0,0,20140506,20151231
100541,1,1,1,1,1,0,0,20140506,20151231
100542,1,1,1,1,1,0,0,20140506,20151231
100543,1,1,1,1,1,0,0,20140506,20151231
100544,1,1,1,1,1,0,0,20140506,20151231
100545,1,1,1,1,1,0,0,20140506,20151231
100546,1,1,1,1,1,0,0,20140506,20151231
100547,1,1,1,1,1,0,0,20140506,20151231
100548,1,1,1,1,1,0,0,20140506,20151231
100549,1,1,1,1,1,0,0,20140506,20151231
100550,1,1,1,1,1,0,0,20140506,20151231
100551,1,1,1,1,1,0,0,20140506,20151231
100552,1,1,1,1,1,0,0,20140506,20151231
100553,0,0,0,0,0,1,0,20140506,20151231
100554,0,0,0,0,0,0,1,20140506,20151231
100555,1,1,1,1,1,0,0,20140506,20151231
100556,1,1,1,1,1,0,0,20140506,20151231
100557,1,1,1,1,1,0,0,20140506,20151231
100558,1,1,1,1,1,0,0,20140506,20151231
100559,0,0,0,0,0,1,1,20140506,20151231
100560,0,0,0,0,0,1,1,20140506,20151231
100561,1,1,1,1,1,0,0,20140506,20151231
100562,1,1,1,1,1,0,0,20140506,20151231
100563,1,1,1,1,1,0,0,20140506,20151231
100564,1,1,1,1,1,0,0,20140506,20151231
100565,1,1,1,1,1,0,0,20140506,20151231
100566,1,1,1,1,1,0,0,20140506,20151231
100567,0,0,0,0,0,1,1,20140506,20151231
100568,0,0,0,0,0,1,1,20140506,20151231
100569,0,0,0,0,0,1,1,20140506,20151231
100570,0,0,0,0,0,1,1,20140506,20151231
100571,0,0,0,0,0,1,1,20140506,20151231
100572,1,1,1,1,1,0,0,20140506,20151231
100573,0,0,0,0,0,1,0,20140506,20151231
100574,1,1,1,1,1,0,0,20140506,20151231
100575,0,0,0,0,0,1,1,20140506,20151231
100576,1,1,1,1,1,0,0,20140506,20151231
100577,0,0,0,0,0,1,1,20140506,20151231
100578,1,1,1,1,1,0,0,20140506,20151231
100579,1,1,1,1,1,0,0,20140506,20151231
100580,1,1,1,1,1,0,0,20140506,20151231
100581,1,1,1,1,1,0,0,20140506,20151231
100582,1,1,1,1,1,0,0,20140506,20151231
100583,1,1,1,1,1,0,0,20140506,20151231
100584,1,1,1,1,1,0,0,20140506,20151231
100585,1,1,1,1,1,0,0,20140506,20151231
100586,1,1,1,1,1,0,0,20140506,20151231
100587,0,0,0,0,0,1,1,20140506,20151231
100588,1,1,1,1,1,0,0,20140506,20151231
100597,1,0,0,0,0,0,0,20140506,20151231
100598,1,1,1,1,1,0,0,20140506,20151231
100599,1,1,1,1,1,0,0,20140506,20151231
100600,1,1,1,1,1,0,0,20140506,20151231
100601,1,1,1,1,1,1,0,20140506,20151231
100602,0,0,0,0,0,0,1,20140506,20151231
100603,0,0,0,0,0,0,1,20140506,20151231
100604,0,0,0,0,1,0,0,20140506,20151231
100605,0,0,0,0,1,0,0,20140506,20151231
100606,0,0,0,0,0,1,0,20140506,20151231
100607,0,0,0,0,0,1,0,20140506,20151231
100608,0,0,0,0,0,1,0,20140506,20151231
100609,0,0,0,0,0,0,1,20140506,20151231
100610,1,1,1,1,1,0,0,20140506,20151231
100611,1,1,1,1,1,0,0,20140506,20151231
100612,1,1,1,1,1,0,0,20140506,20151231
100613,1,1,1,1,1,0,0,20140506,20151231
100614,1,1,1,1,1,0,0,20140506,20151231
100615,1,1,1,1,1,0,0,20140506,20151231
100616,1,1,1,1,1,0,0,20140506,20151231
100617,1,1,1,1,1,0,0,20140506,20151231
100618,1,1,1,1,1,0,0,20140506,20151231
100619,1,1,1,1,1,0,0,20140506,20151231
100620,1,1,1,1,1,0,0,20140506,20151231
100621,1,1,1,1,1,0,0,20140506,20151231
100622,1,1,1,1,1,0,0,20140506,20151231
100623,1,1,1,1,1,0,0,20140506,20151231
100624,1,1,1,1,1,0,0,20140506,20151231
100625,1,1,1,1,1,0,0,20140506,20151231
100626,1,1,1,1,1,0,0,20140506,20151231
100658,0,0,0,0,0,0,1,20140506,20151231
100659,0,0,0,0,0,0,1,20140506,20151231
100660,0,0,0,0,0,0,1,20140506,20151231
100661,0,0,0,0,0,0,1,20140506,20151231
100662,0,0,0,0,0,0,1,20140506,20151231
100663,0,0,0,0,0,0,1,20140506,20151231
100664,0,0,0,0,0,0,1,20140506,20151231
100665,0,0,0,0,0,0,1,20140506,20151231
100666,0,0,0,0,0,0,1,20140506,20151231
100667,0,0,0,0,0,0,1,20140506,20151231
100668,0,0,0,0,0,0,1,20140506,20151231
100669,0,0,0,0,0,0,1,20140506,20151231
100670,0,0,0,0,0,0,1,20140506,20151231
100671,0,0,0,0,0,0,1,20140506,20151231
100672,1,1,1,1,1,1,0,20140506,20151231
100673,1,1,1,1,1,1,0,20140506,20151231
100675,1,1,1,1,1,0,0,20140506,20151231
100676,1,1,1,1,1,0,0,20140506,20151231
100677,1,1,1,1,1,0,0,20140506,20151231
100678,1,1,1,1,1,0,0,20140506,20151231
100679,1,1,1,1,1,0,0,20140506,20151231
100680,1,1,1,1,1,0,0,20140506,20151231
100681,1,1,1,1,1,0,0,20140506,20151231
100682,1,1,1,1,1,0,0,20140506,20151231
100683,1,1,1,1,1,0,0,20140506,20151231
100684,1,1,1,1,1,0,0,20140506,20151231
100685,1,1,1,1,1,0,0,20140506,20151231
100686,1,1,1,1,1,0,0,20140506,20151231
100687,1,1,1,1,1,0,0,20140506,20151231
100688,1,1,1,1,1,0,0,20140506,20151231
100689,1,1,1,1,1,0,0,20140506,20151231
100690,1,1,1,1,1,0,0,20140506,20151231
100691,1,1,1,1,1,0,0,20140506,20151231
100692,1,1,1,1,1,0,0,20140506,20151231
100693,1,1,1,1,1,0,0,20140506,20151231
100694,1,1,1,1,1,0,0,20140506,20151231
100695,1,1,1,1,1,0,0,20140506,20151231
100696,0,0,0,0,0,1,1,20140506,20151231
100697,1,1,1,1,1,0,0,20140506,20151231
100698,0,0,0,0,0,1,1,20140506,20151231
100702,0,0,0,0,0,1,1,20140506,20151231
100703,1,1,1,1,1,1,0,20140506,20151231
100704,0,0,0,0,0,0,1,20140506,20151231
100705,1,1,1,1,1,0,0,20140506,20151231
100706,0,0,0,0,0,1,0,20140506,20151231
100707,0,0,0,0,0,0,1,20140506,20151231
100708,0,0,0,0,0,1,1,20140506,20151231
100709,1,1,1,1,1,0,0,20140506,20151231
100710,0,0,0,0,0,1,0,20140506,20151231
100711,0,0,0,0,0,0,1,20140506,20151231
100712,0,0,0,0,0,1,1,20140506,20151231
100713,1,1,1,1,1,1,0,20140506,20151231
100714,1,1,1,1,1,1,0,20140506,20151231
100715,1,1,1,1,1,1,0,20140506,20151231
100716,1,1,1,1,1,0,0,20140506,20151231
100717,0,0,0,0,0,1,1,20140506,20151231
100718,1,1,1,1,1,1,0,20140506,20151231
100719,1,1,1,1,1,1,0,20140506,20151231
100720,1,1,1,1,1,1,0,20140506,20151231
100721,1,1,1,1,1,1,0,20140506,20151231
100722,1,1,1,1,1,1,0,20140506,20151231
100723,1,1,1,1,1,1,0,20140506,20151231
100724,1,1,1,1,1,1,0,20140506,20151231
100725,1,1,1,1,1,1,0,20140506,20151231
100726,1,1,1,1,1,1,0,20140506,20151231
100727,1,1,1,1,1,1,0,20140506,20151231
100728,1,1,1,1,1,1,0,20140506,20151231
100729,1,1,1,1,1,1,0,20140506,20151231
100730,1,1,1,1,1,1,0,20140506,20151231
100731,1,1,1,1,1,1,0,20140506,20151231
100732,1,1,1,1,1,1,0,20140506,20151231
100733,1,1,1,1,1,1,0,20140506,20151231
100734,1,1,1,1,1,1,0,20140506,20151231
100735,0,0,0,0,0,0,1,20140506,20151231
100736,0,0,0,0,0,0,1,20140506,20151231
100737,1,1,1,1,1,0,0,20140506,20151231
100738,1,1,1,1,1,0,0,20140506,20151231
100739,1,1,1,1,1,0,0,20140506,20151231
100740,1,1,1,1,1,0,0,20140506,20151231
100741,1,1,1,1,1,0,0,20140506,20151231
100742,0,0,0,0,0,1,1,20140506,20151231
100743,0,0,0,0,0,1,1,20140506,20151231
100744,0,0,0,0,0,1,1,20140506,20151231
100745,0,0,0,0,0,1,1,20140506,20151231
100746,0,0,0,0,0,1,1,20140506,20151231
100747,0,0,0,0,0,1,1,20140506,20151231
100748,0,0,0,0,0,1,1,20140506,20151231
100749,0,0,0,0,0,1,1,20140506,20151231
100750,1,1,1,1,1,0,0,20140506,20151231
100751,1,1,1,1,1,0,0,20140506,20151231
100752,1,1,1,1,1,0,0,20140506,20151231
100753,1,1,1,1,1,0,0,20140506,20151231
100754,1,1,1,1,1,0,0,20140506,20151231
100755,1,1,1,1,1,0,0,20140506,20151231
100756,1,1,1,1,1,1,0,20140506,20151231
100757,1,1,1,1,1,1,0,20140506,20151231
100758,1,1,1,1,1,1,0,20140506,20151231
100759,1,1,1,1,1,1,0,20140506,20151231
100760,1,1,1,1,1,1,0,20140506,20151231
100761,1,1,1,1,1,1,0,20140506,20151231
100762,1,1,1,1,1,1,0,20140506,20151231
100763,1,1,1,1,1,1,0,20140506,20151231
100764,1,1,1,1,1,1,0,20140506,20151231
100765,1,1,1,1,1,1,0,20140506,20151231
100766,1,1,1,1,1,1,0,20140506,20151231
100767,1,1,1,1,1,1,0,20140506,20151231
100768,1,1,1,1,1,1,0,20140506,20151231
100769,1,1,1,1,1,1,0,20140506,20151231
100770,1,1,1,1,1,1,0,20140506,20151231
100771,0,0,0,0,0,0,1,20140506,20151231
100772,0,0,0,0,0,0,1,20140506,20151231
100773,0,0,0,0,0,0,1,20140506,20151231
100774,0,0,0,0,0,0,1,20140506,20151231
100775,0,0,0,0,0,0,1,20140506,20151231
100776,0,0,0,0,0,0,1,20140506,20151231
100777,0,0,0,0,0,0,1,20140506,20151231
100778,0,0,0,0,0,0,1,20140506,20151231
100779,0,0,0,0,0,0,1,20140506,20151231
100780,0,0,0,0,0,0,1,20140506,20151231
100781,0,0,0,0,0,0,1,20140506,20151231
100782,0,0,0,0,0,0,1,20140506,20151231
100783,0,0,0,0,0,0,1,20140506,20151231
100784,0,0,0,0,0,0,1,20140506,20151231
100785,0,0,0,0,0,0,1,20140506,20151231
100786,0,0,0,0,0,0,1,20140506,20151231
100832,0,0,0,0,0,0,1,20140506,20151231
100833,0,0,0,0,0,0,1,20140506,20151231
100834,0,0,0,0,0,0,1,20140506,20151231
100835,0,0,0,0,0,0,1,20140506,20151231
100836,1,1,1,1,1,0,0,20140506,20151231
100837,1,1,1,1,1,0,0,20140506,20151231
100838,1,1,1,1,1,0,0,20140506,20151231
100839,1,1,1,1,1,0,0,20140506,20151231
100840,1,1,1,1,1,0,0,20140506,20151231
100841,1,1,1,1,1,0,0,20140506,20151231
100842,1,1,1,1,1,0,0,20140506,20151231
100843,1,1,1,1,1,0,0,20140506,20151231
100844,1,1,1,1,1,0,0,20140506,20151231
100845,1,1,1,1,1,0,0,20140506,20151231
100846,1,1,1,1,1,0,0,20140506,20151231
100847,1,1,1,1,1,0,0,20140506,20151231
100848,1,1,1,1,1,0,0,20140506,20151231
100849,1,1,1,1,1,0,0,20140506,20151231
100850,1,1,1,1,1,0,0,20140506,20151231
100851,1,1,1,1,1,0,0,20140506,20151231
100852,1,1,1,1,1,0,0,20140506,20151231
100853,1,1,1,1,1,0,0,20140506,20151231
100854,1,1,1,1,1,0,0,20140506,20151231
100855,1,1,1,1,1,0,0,20140506,20151231
100856,1,1,1,1,1,0,0,20140506,20151231
100857,1,1,1,1,1,0,0,20140506,20151231
100858,1,1,1,1,1,0,0,20140506,20151231
100859,1,1,1,1,1,0,0,20140506,20151231
100860,1,1,1,1,1,0,0,20140506,20151231
100861,1,1,1,1,1,0,0,20140506,20151231
100862,1,1,1,1,1,0,0,20140506,20151231
100863,1,1,1,1,1,0,0,20140506,20151231
100864,1,1,1,1,1,0,0,20140506,20151231
100865,1,1,1,1,1,0,0,20140506,20151231
100866,1,1,1,1,1,0,0,20140506,20151231
100867,1,1,1,1,1,0,0,20140506,20151231
100868,1,1,1,1,1,0,0,20140506,20151231
100869,1,1,1,1,1,0,0,20140506,20151231
100870,1,1,1,1,1,0,0,20140506,20151231
100871,1,1,1,1,1,0,0,20140506,20151231
100872,1,1,1,1,1,0,0,20140506,20151231
100873,1,1,1,1,1,0,0,20140506,20151231
100874,1,1,1,1,1,0,0,20140506,20151231
100875,1,1,1,1,1,0,0,20140506,20151231
100876,1,1,1,1,1,0,0,20140506,20151231
100877,1,1,1,1,1,0,0,20140506,20151231
100878,0,0,0,0,0,1,1,20140506,20151231
100879,0,0,0,0,0,1,1,20140506,20151231
100880,0,0,0,0,0,1,1,20140506,20151231
100881,0,0,0,0,0,1,1,20140506,20151231
100882,0,0,0,0,0,1,1,20140506,20151231
100883,0,0,0,0,0,1,1,20140506,20151231
100884,0,0,0,0,0,1,1,20140506,20151231
100885,0,0,0,0,0,1,1,20140506,20151231
100911,1,1,1,1,1,0,0,20140506,20151231
100915,1,1,1,1,1,0,0,20140506,20151231
100938,1,1,1,1,1,0,0,20140506,20151231
100939,1,1,1,1,1,0,0,20140506,20151231
100940,1,1,1,1,1,0,0,20140506,20151231
100941,1,1,1,1,1,0,0,20140506,20151231
100942,1,1,1,1,1,0,0,20140506,20151231
100943,1,1,1,1,1,0,0,20140506,20151231
100944,1,1,1,1,1,0,0,20140506,20151231
100945,1,1,1,1,1,0,0,20140506,20151231
100946,1,1,1,1,1,0,0,20140506,20151231
100947,1,1,1,1,1,0,0,20140506,20151231
100948,1,1,1,1,1,0,0,20140506,20151231
100949,1,1,1,1,1,0,0,20140506,20151231
100950,1,1,1,1,1,0,0,20140506,20151231
100951,1,1,1,1,1,0,0,20140506,20151231
100952,1,1,1,1,1,0,0,20140506,20151231
100953,1,1,1,1,1,0,0,20140506,20151231
100954,1,1,1,1,1,0,0,20140506,20151231
100955,1,1,1,1,1,0,0,20140506,20151231
100956,1,1,1,1,1,0,0,20140506,20151231
100957,1,1,1,1,1,0,0,20140506,20151231
100958,1,1,1,1,1,0,0,20140506,20151231
100959,1,1,1,1,1,0,0,20140506,20151231
100960,1,1,1,1,1,0,0,20140506,20151231
100961,1,1,1,1,1,1,0,20140506,20151231
100962,1,1,1,1,1,1,0,20140506,20151231
100963,1,1,1,1,1,1,0,20140506,20151231
100964,1,1,1,1,1,1,0,20140506,20151231
100965,1,1,1,1,1,1,0,20140506,20151231
100966,0,0,0,0,0,0,1,20140506,20151231
100967,0,0,0,0,0,0,1,20140506,20151231
100968,0,0,0,0,0,0,1,20140506,20151231
100969,0,0,0,0,0,0,1,20140506,20151231
100970,0,0,0,0,0,0,1,20140506,20151231
100971,1,1,1,1,1,0,0,20140506,20151231
100972,1,1,1,1,1,0,0,20140506,20151231
100973,1,1,1,1,1,0,0,20140506,20151231
100974,1,1,1,1,1,0,0,20140506,20151231
100975,1,1,1,1,1,0,0,20140506,20151231
100976,1,1,1,1,1,0,0,20140506,20151231
100977,1,1,1,1,1,0,0,20140506,20151231
100978,1,1,1,1,1,0,0,20140506,20151231
100979,1,1,1,1,1,0,0,20140506,20151231
100980,1,1,1,1,1,0,0,20140506,20151231
100981,1,1,1,1,1,0,0,20140506,20151231
100982,1,1,1,1,1,0,0,20140506,20151231
100983,1,1,1,1,1,0,0,20140506,20151231
100984,1,1,1,1,1,0,0,20140506,20151231
100985,1,1,1,1,1,0,0,20140506,20151231
100986,1,1,1,1,1,0,0,20140506,20151231
100987,1,1,1,1,1,0,0,20140506,20151231
100988,1,1,1,1,1,0,0,20140506,20151231
100998,1,1,1,1,1,0,0,20140506,20151231
100999,1,1,1,1,1,0,0,20140506,20151231
101000,1,1,1,1,1,0,0,20140506,20151231
101001,0,0,0,0,0,0,1,20140506,20151231
101002,1,1,1,1,1,0,0,20140506,20151231
101003,1,1,1,1,1,0,0,20140506,20151231
101004,0,0,0,0,0,1,1,20140506,20151231
101005,0,0,0,0,0,1,1,20140506,20151231
101006,0,0,0,0,0,1,1,20140506,20151231
101007,0,0,0,0,0,1,1,20140506,20151231
101008,0,0,0,0,0,1,1,20140506,20151231
101009,1,1,1,1,1,1,0,20140506,20151231
101010,1,1,1,1,1,1,0,20140506,20151231
101011,1,1,1,1,1,1,0,20140506,20151231
101012,1,1,1,1,1,1,0,20140506,20151231
101013,1,1,1,1,1,1,0,20140506,20151231
101014,0,0,0,0,0,0,1,20140506,20151231
101015,0,0,0,0,0,0,1,20140506,20151231
101016,0,0,0,0,0,0,1,20140506,20151231
101017,0,0,0,0,0,0,1,20140506,20151231
101018,1,1,1,1,1,0,0,20140506,20151231
101019,1,1,1,1,1,0,0,20140506,20151231
101020,1,1,1,1,1,0,0,20140506,20151231
101022,1,1,1,1,1,0,0,20140506,20151231
101023,0,0,0,0,0,1,1,20140506,20151231
101024,1,1,1,1,1,0,0,20140506,20151231
101025,0,0,0,0,0,1,1,20140506,20151231
101026,1,1,1,1,1,0,0,20140506,20151231
101027,1,1,1,1,1,0,0,20140506,20151231
101028,1,1,1,1,1,0,0,20140506,20151231
101029,1,1,1,1,1,0,0,20140506,20151231
101030,0,0,0,0,0,1,1,20140506,20151231
101031,0,0,0,0,0,1,1,20140506,20151231
101032,0,0,0,0,0,1,1,20140506,20151231
101033,1,1,1,1,1,0,0,20140506,20151231
101034,0,0,0,0,0,1,1,20140506,20151231
101035,1,1,1,1,1,0,0,20140506,20151231
101036,1,1,1,1,1,0,0,20140506,20151231
101037,1,1,1,1,1,0,0,20140506,20151231
101038,1,1,1,1,1,0,0,20140506,20151231
101039,0,0,0,0,0,1,1,20140506,20151231
101040,0,0,0,0,0,1,1,20140506,20151231
101041,0,0,0,0,0,1,1,20140506,20151231
101042,1,1,1,1,1,0,0,20140506,20151231
101046,1,1,1,1,1,0,0,20140506,20151231
101051,1,1,1,1,1,0,0,20140506,20151231
101052,1,1,1,1,1,0,0,20140506,20151231
101053,1,1,1,1,1,0,0,20140506,20151231
101054,1,1,1,1,1,0,0,20140506,20151231
101055,1,1,1,1,1,0,0,20140506,20151231
101056,1,1,1,1,1,0,0,20140506,20151231
101057,1,1,1,1,1,0,0,20140506,20151231
101058,1,1,1,1,1,0,0,20140506,20151231
101059,1,1,1,1,1,0,0,20140506,20151231
101060,1,1,1,1,1,0,0,20140506,20151231
101061,1,1,1,1,1,0,0,20140506,20151231
101062,1,1,1,1,1,0,0,20140506,20151231
101063,1,1,1,1,1,1,0,20140506,20151231
101064,1,1,1,1,1,1,0,20140506,20151231
101065,1,1,1,1,1,1,0,20140506,20151231
101066,1,1,1,1,1,1,0,20140506,20151231
101067,0,0,0,0,0,0,1,20140506,20151231
101068,1,0,0,0,0,0,0,20140506,20151231
101069,1,0,0,0,0,0,0,20140506,20151231
101070,1,0,0,0,0,0,0,20140506,20151231
101071,1,0,0,0,0,0,0,20140506,20151231
101072,1,0,0,0,0,0,0,20140506,20151231
101073,1,0,0,0,0,0,0,20140506,20151231
101074,1,0,0,0,0,0,0,20140506,20151231
101075,1,0,0,0,0,0,0,20140506,20151231
101076,0,0,0,0,0,0,1,20140506,20151231
101077,0,0,0,0,0,1,0,20140506,20151231
101080,0,0,0,0,0,0,1,20140506,20151231
101081,0,0,0,0,0,0,1,20140506,20151231
101082,1,1,1,1,1,1,0,20140506,20151231
101083,0,0,0,0,0,0,1,20140506,20151231
101087,1,1,1,1,1,1,0,20140506,20151231
101088,0,0,0,0,0,0,1,20140506,20151231
101099,0,0,0,0,0,0,1,20140506,20151231
101108,1,1,1,1,1,1,0,20140506,20151231
101109,1,1,1,1,1,1,0,20140506,20151231
101110,0,0,0,0,0,0,1,20140506,20151231
101120,0,0,0,0,0,0,1,20140506,20151231
101121,0,0,0,0,0,0,1,20140506,20151231
101122,1,1,1,1,1,1,0,20140506,20151231
101123,1,1,1,1,1,1,0,20140506,20151231
101124,1,1,1,1,1,1,0,20140506,20151231
101125,1,1,1,1,1,1,0,20140506,20151231
101126,1,1,1,1,1,1,0,20140506,20151231
101127,1,1,1,1,1,1,0,20140506,20151231
101128,1,1,1,1,1,1,0,20140506,20151231
101129,1,1,1,1,1,1,0,20140506,20151231
101130,1,1,1,1,1,1,0,20140506,20151231
101131,1,1,1,1,1,1,0,20140506,20151231
101132,1,1,1,1,1,1,0,20140506,20151231
101133,1,1,1,1,1,1,0,20140506,20151231
101134,1,1,1,1,1,1,0,20140506,20151231
101135,1,1,1,1,1,1,0,20140506,20151231
101136,1,1,1,1,1,1,0,20140506,20151231
101137,1,1,1,1,1,1,0,20140506,20151231
101138,1,1,1,1,1,1,0,20140506,20151231
101139,1,1,1,1,1,1,0,20140506,20151231
101140,1,1,1,1,1,1,0,20140506,20151231
101141,0,0,0,0,0,0,1,20140506,20151231
101142,0,0,0,0,0,0,1,20140506,20151231
101143,0,0,0,0,0,0,1,20140506,20151231
101144,0,0,0,0,0,0,1,20140506,20151231
101145,0,0,0,0,0,0,1,20140506,20151231
101146,1,1,1,1,1,0,0,20140506,20151231
101147,1,1,1,1,1,0,0,20140506,20151231
101148,1,1,1,1,1,0,0,20140506,20151231
101149,0,0,0,0,0,1,0,20140506,20151231
101150,0,0,0,0,0,1,0,20140506,20151231
101151,0,0,0,0,0,0,1,20140506,20151231
101162,1,1,1,1,1,1,0,20140506,20151231
101163,1,1,1,1,1,1,0,20140506,20151231
101164,1,1,1,1,1,1,0,20140506,20151231
101165,1,1,1,1,1,1,0,20140506,20151231
101166,1,1,1,1,1,1,0,20140506,20151231
101167,0,0,0,0,0,0,1,20140506,20151231
101168,0,0,0,0,0,0,1,20140506,20151231
101169,0,0,0,0,0,0,1,20140506,20151231
101170,0,0,0,0,0,0,1,20140506,20151231
101171,1,1,1,1,1,1,0,20140506,20151231
101172,1,1,1,1,1,1,0,20140506,20151231
101173,1,1,1,1,1,1,0,20140506,20151231
101174,1,1,1,1,1,1,0,20140506,20151231
101175,1,1,1,1,1,1,0,20140506,20151231
101176,0,0,0,0,0,0,1,20140506,20151231
101177,0,0,0,0,0,0,1,20140506,20151231
101178,0,0,0,0,0,0,1,20140506,20151231
101179,0,0,0,0,0,0,1,20140506,20151231
101180,1,1,1,1,1,0,0,20140506,20151231
101181,1,1,1,1,1,0,0,20140506,20151231
101182,1,1,1,1,1,0,0,20140506,20151231
101183,1,1,1,1,1,0,0,20140506,20151231
101184,1,1,1,1,1,0,0,20140506,20151231
101185,1,1,1,1,1,0,0,20140506,20151231
101186,1,1,1,1,1,0,0,20140506,20151231
101187,1,1,1,1,1,1,0,20140506,20151231
101188,0,0,0,0,0,0,1,20140506,20151231
101189,1,1,1,1,1,0,0,20140506,20151231
101190,1,1,1,1,1,0,0,20140506,20151231
101191,1,1,1,1,1,0,0,20140506,20151231
101192,1,1,1,1,1,0,0,20140506,20151231
101193,1,1,1,1,1,0,0,20140506,20151231
101194,1,1,1,1,1,0,0,20140506,20151231
101195,1,1,1,1,1,0,0,20140506,20151231
101196,1,1,1,1,1,1,0,20140506,20151231
101197,1,1,1,1,1,1,0,20140506,20151231
101198,1,1,1,1,1,1,0,20140506,20151231
101199,1,1,1,1,1,1,0,20140506,20151231
101200,0,0,0,0,0,0,1,20140506,20151231
101201,0,0,0,0,0,0,1,20140506,20151231
101202,0,0,0,0,0,0,1,20140506,20151231
101203,1,1,1,1,1,1,0,20140506,20151231
101204,1,1,1,1,1,1,0,20140506,20151231
101205,1,1,1,1,1,1,0,20140506,20151231
101220,1,1,1,1,1,1,0,20140506,20151231
101221,0,0,0,0,0,0,1,20140506,20151231
101222,0,0,0,0,0,0,1,20140506,20151231
101223,0,0,0,0,0,0,1,20140506,20151231
101224,1,1,1,1,1,0,0,20150101,20151231
101225,0,0,0,0,0,0,1,20150101,20151231
101226,1,1,1,1,1,0,0,20140506,20151231
101227,1,1,1,1,1,0,0,20140506,20151231
101228,1,1,1,1,1,0,0,20140506,20151231
101229,0,0,0,0,0,1,0,20140506,20151231
101230,0,0,0,0,0,1,0,20140506,20151231
101231,0,0,0,0,0,1,0,20140506,20151231
101232,0,0,0,0,0,0,1,20140506,20151231
101233,0,0,0,0,0,0,1,20140506,20151231
101234,1,1,1,1,1,0,0,20140506,20151231
101235,0,0,0,0,0,0,1,20140506,20151231
101236,0,0,0,0,0,0,1,20140506,20151231
101237,0,0,0,0,0,0,1,20140506,20151231
101238,0,0,0,0,0,0,1,20140506,20151231
101239,0,0,0,0,0,0,1,20140506,20151231
101240,0,0,0,0,0,0,1,20140506,20151231
101241,1,0,0,0,0,0,0,20140506,20151231
101242,1,0,0,0,0,0,0,20140506,20151231
101243,1,0,0,0,0,0,0,20140506,20151231
101244,1,0,0,0,0,0,0,20140506,20151231
101245,1,0,0,0,0,0,0,20140506,20151231
101246,1,0,0,0,0,0,0,20140506,20151231
101247,1,0,0,0,0,0,0,20140506,20151231
101248,1,0,0,0,0,0,0,20140506,20151231
101249,0,0,0,0,0,0,1,20140506,20151231
101250,0,0,0,0,0,0,1,20140506,20151231
101251,0,0,0,0,0,0,1,20140506,20151231
101252,0,0,0,0,0,0,1,20140506,20151231
101253,0,0,0,0,0,0,1,20140506,20151231
101254,0,0,0,0,0,0,1,20140506,20151231
101255,0,0,0,0,0,0,1,20140506,20151231
101256,1,1,1,1,1,0,0,20140506,20151231
101257,0,0,0,0,0,1,0,20140506,20151231
101258,0,0,0,0,0,0,1,20140506,20151231
101259,1,1,1,1,1,0,0,20140506,20151231
101260,0,0,0,0,0,1,0,20140506,20151231
101261,0,0,0,0,0,0,1,20140506,20151231
101262,1,1,1,1,1,0,0,20140506,20151231
101263,1,1,1,1,1,0,0,20140506,20151231
101264,0,0,0,0,0,1,0,20140506,20151231
101265,0,0,0,0,0,0,1,20140506,20151231
101266,1,1,1,1,1,0,0,20140506,20151231
101267,0,0,0,0,0,1,0,20140506,20151231
101268,0,0,0,0,0,0,1,20140506,20151231
101269,1,1,1,1,1,1,0,20140506,20151231
101270,0,0,0,0,0,1,0,20140506,20151231
101271,0,0,0,0,0,0,1,20140506,20151231
101318,1,1,1,1,1,0,0,20140506,20151231
101319,0,0,0,0,0,1,1,20140506,20151231
101320,1,1,1,1,1,0,0,20140506,20151231
101321,1,1,1,1,1,0,0,20140506,20151231
101322,1,1,1,1,1,0,0,20140506,20151231
101323,1,1,1,1,1,0,0,20140506,20151231
101324,1,1,1,1,1,0,0,20140506,20151231
101325,1,1,1,1,1,0,0,20140506,20151231
101326,1,1,1,1,1,0,0,20140506,20151231
101327,1,1,1,1,1,0,0,20140506,20151231
101328,1,1,1,1,1,0,0,20140506,20151231
101329,1,1,1,1,1,0,0,20140506,20151231
101330,1,1,1,1,1,0,0,20140506,20151231
101331,1,1,1,1,1,0,0,20140506,20151231
101332,1,1,1,1,1,0,0,20140506,20151231
101333,0,0,0,0,0,1,0,20140506,20151231
101334,0,0,0,0,0,1,0,20140506,20151231
101335,0,0,0,0,0,1,0,20140506,20151231
101336,0,0,0,0,0,1,0,20140506,20151231
101337,0,0,0,0,0,1,0,20140506,20151231
101338,0,0,0,0,0,1,0,20140506,20151231
101339,1,1,1,1,1,0,0,20140506,20151231
101340,1,1,1,1,1,0,0,20140506,20151231
101341,1,1,1,1,1,0,0,20140506,20151231
101343,1,1,1,1,1,0,0,20140506,20151231
101344,1,1,1,1,1,0,0,20140506,20151231
101345,1,1,1,1,1,0,0,20140506,20151231
101346,1,1,1,1,1,0,0,20140506,20151231
101347,1,1,1,1,1,0,0,20140506,20151231
101348,1,1,1,1,1,0,0,20140506,20151231
101349,1,1,1,1,1,0,0,20140506,20151231
101350,1,1,1,1,1,0,0,20140506,20151231
101351,1,1,1,1,1,0,0,20140506,20151231
101371,1,1,1,1,1,0,0,20140506,20151231
101372,1,1,1,1,1,0,0,20140506,20151231
101373,1,1,1,1,1,0,0,20140506,20151231
101375,1,1,1,1,1,0,0,20140506,20151231
101376,1,1,1,1,1,0,0,20140506,20151231
101377,1,1,1,1,1,0,0,20140506,20151231
101378,1,1,1,1,1,0,0,20140506,20151231
101379,1,1,1,1,1,0,0,20140506,20151231
101380,1,1,1,1,1,0,0,20140506,20151231
101381,1,1,1,1,1,0,0,20140506,20151231
101382,1,1,1,1,0,0,0,20140506,20151231
101383,1,1,1,1,0,0,0,20140506,20151231
101384,1,1,1,1,0,0,0,20140506,20151231
101385,1,1,1,1,0,0,0,20140506,20151231
101386,1,1,1,1,0,0,0,20140506,20151231
101387,1,1,1,1,0,0,0,20140506,20151231
101388,1,1,1,1,0,0,0,20140506,20151231
101389,1,1,1,1,0,0,0,20140506,20151231
101390,1,1,1,1,0,0,0,20140506,20151231
101391,1,1,1,1,0,0,0,20140506,20151231
101392,1,1,1,1,0,0,0,20140506,20151231
101393,1,1,1,1,0,0,0,20140506,20151231
101394,1,1,1,1,0,0,0,20140506,20151231
101395,1,1,1,1,0,0,0,20140506,20151231
101396,1,1,1,1,0,0,0,20140506,20151231
101397,1,1,1,1,0,0,0,20140506,20151231
101398,0,0,0,0,1,0,0,20140506,20151231
101399,0,0,0,0,1,0,0,20140506,20151231
101400,0,0,0,0,1,0,0,20140506,20151231
101401,1,1,1,1,1,0,0,20140506,20151231
101402,1,1,1,1,1,0,0,20140506,20151231
101403,0,0,0,0,0,1,0,20140506,20151231
101404,0,0,0,0,0,1,0,20140506,20151231
101405,0,0,0,0,0,1,0,20140506,20151231
101406,0,0,0,0,0,0,1,20140506,20151231
101407,0,0,0,0,0,0,1,20140506,20151231
101411,0,0,0,0,0,0,1,20140506,20151231
101413,0,0,0,0,0,0,1,20140506,20151231
101416,1,1,1,1,1,1,0,20140506,20151231
101420,1,1,1,1,1,1,0,20140506,20151231
101421,0,0,0,0,0,0,1,20140506,20151231
101444,1,1,1,1,1,0,0,20140506,20151231
101445,1,1,1,1,1,0,0,20140506,20151231
101446,1,1,1,1,1,0,0,20140506,20151231
101447,1,1,1,1,1,0,0,20140506,20151231
101448,1,1,1,1,1,0,0,20140506,20151231
101449,1,1,1,1,1,0,0,20140506,20151231
101450,1,1,1,1,1,0,0,20140506,20151231
101451,1,1,1,1,1,0,0,20140506,20151231
101452,1,1,1,1,1,0,0,20140506,20151231
101453,1,1,1,1,1,0,0,20140506,20151231
101454,0,0,0,0,0,1,1,20140506,20151231
101455,0,0,0,0,0,1,1,20140506,20151231
101456,0,0,0,0,0,1,1,20140506,20151231
101457,1,1,1,1,1,0,0,20140506,20151231
101458,1,1,1,1,1,0,0,20140506,20151231
101459,1,1,1,1,1,0,0,20140506,20151231
101523,1,1,1,1,1,0,0,20150101,20151231
101524,1,1,1,1,1,0,0,20150101,20151231
101529,1,1,1,1,1,0,0,20140506,20151231
101530,1,1,1,1,1,0,0,20140506,20151231
101531,1,1,1,1,1,0,0,20140506,20151231
101532,1,1,1,1,1,0,0,20140506,20151231
101533,1,1,1,1,1,0,0,20140506,20151231
101534,1,1,1,1,1,0,0,20140506,20151231
101535,1,1,1,1,1,0,0,20140506,20151231
101536,1,1,1,1,1,0,0,20140506,20151231
101537,1,1,1,1,1,0,0,20140506,20151231
101538,1,1,1,1,1,0,0,20140506,20151231
101539,1,1,1,1,1,0,0,20140506,20151231
101540,1,1,1,1,1,0,0,20140506,20151231
101541,1,1,1,1,1,0,0,20140506,20151231
101542,1,1,1,1,0,0,0,20140506,20151231
101543,1,1,1,1,1,1,0,20140506,20151231
101544,1,1,1,1,1,1,0,20140506,20151231
101545,1,1,1,1,1,1,0,20140506,20151231
101546,0,0,0,0,1,0,0,20140506,20151231
101547,0,0,0,0,1,0,0,20140506,20151231
101548,0,0,0,0,1,0,0,20140506,20151231
101549,0,0,0,0,1,0,0,20140506,20151231
101550,0,0,0,0,1,0,0,20140506,20151231
101551,0,0,0,0,1,0,0,20140506,20151231
101552,0,0,0,0,1,0,0,20140506,20151231
101553,0,0,0,0,1,0,0,20140506,20151231
101554,0,0,0,0,1,0,0,20140506,20151231
101555,0,0,0,0,1,0,0,20140506,20151231
101556,0,0,0,0,1,0,0,20140506,20151231
101557,1,1,1,1,1,0,0,20140506,20151231
101558,0,0,0,0,0,1,1,20140506,20151231
101559,1,1,1,1,1,0,0,20140506,20151231
101560,1,1,1,1,1,0,0,20140506,20151231
101561,1,1,1,1,1,0,0,20140506,20151231
101562,1,1,1,1,1,0,0,20140506,20151231
101563,1,1,1,1,1,0,0,20140506,20151231
101565,1,1,1,1,1,1,0,20140506,20151231
101566,0,0,0,0,0,0,1,20140506,20151231
101567,1,1,1,1,1,0,0,20140506,20151231
101568,1,1,1,1,1,0,0,20140506,20151231
101569,1,1,1,1,1,0,0,20140506,20151231
101570,1,1,1,1,1,0,0,20140506,20151231
101571,1,1,1,1,1,0,0,20140506,20151231
101572,1,1,1,1,1,0,0,20140506,20151231
101573,1,1,1,1,1,0,0,20140506,20151231
101574,1,1,1,1,1,0,0,20140506,20151231
101575,1,1,1,1,1,0,0,20140506,20151231
101576,1,1,1,1,1,0,0,20140506,20151231
101577,1,1,1,1,1,1,0,20140506,20151231
101578,0,0,0,0,0,1,0,20140506,20151231
101579,0,0,0,0,0,0,1,20140506,20151231
101580,1,1,1,1,1,0,0,20140506,20151231
101581,1,1,1,1,1,0,0,20140506,20151231
101582,1,1,1,1,1,0,0,20140506,20151231
101583,1,1,1,1,1,1,0,20140506,20151231
101584,0,0,0,0,0,1,0,20140506,20151231
101585,0,0,0,0,0,0,1,20140506,20151231
101586,1,1,1,1,1,0,0,20140506,20151231
101587,1,1,1,1,1,0,0,20140506,20151231
101588,1,1,1,1,1,0,0,20140506,20151231
101589,1,1,1,1,1,0,0,20140506,20151231
101617,1,1,1,1,1,0,0,20140506,20151231
101618,1,1,1,1,1,0,0,20140506,20151231
101619,1,1,1,1,1,0,0,20150101,20151231
101620,1,0,0,0,0,1,1,20150101,20151231
101621,1,0,0,0,0,1,1,20150101,20151231
101622,1,0,0,0,0,1,1,20150101,20151231
101623,1,1,1,1,1,0,0,20150101,20151231
101624,1,1,1,1,1,0,0,20150101,20151231
101625,1,1,1,1,1,0,0,20140506,20151231
101626,1,0,0,0,0,1,1,20140506,20151231
101627,1,0,0,0,0,1,1,20140506,20151231
101628,1,0,0,0,0,1,1,20140506,20151231
101629,1,1,1,1,1,0,0,20140506,20151231
101630,0,0,0,0,0,1,1,20140506,20151231
101631,1,0,0,0,0,1,1,20140506,20151231
101632,1,0,0,0,0,1,1,20140506,20151231
101633,1,0,0,0,0,1,1,20140506,20151231
101634,1,0,0,0,0,1,1,20140506,20151231
101635,1,0,0,0,0,1,1,20140506,20151231
101636,1,0,0,0,0,1,1,20140506,20151231
101637,1,1,1,1,1,0,0,20140506,20151231
101638,0,0,0,0,0,1,1,20140506,20151231
101639,1,0,0,0,0,1,1,20140506,20151231
101640,1,0,0,0,0,1,1,20140506,20151231
101641,1,0,0,0,0,1,1,20140506,20151231
101642,1,0,0,0,0,1,1,20140506,20151231
101643,1,0,0,0,0,1,1,20140506,20151231
101644,1,0,0,0,0,1,1,20140506,20151231
101645,1,1,1,1,1,0,0,20140506,20151231
101646,0,0,0,0,0,1,1,20140506,20151231
101647,1,0,0,0,0,1,1,20140506,20151231
101648,1,0,0,0,0,1,1,20140506,20151231
101649,1,0,0,0,0,1,1,20140506,20151231
101650,1,0,0,0,0,1,1,20140506,20151231
101651,1,0,0,0,0,1,1,20140506,20151231
101652,1,0,0,0,0,1,1,20140506,20151231
101653,1,1,1,1,1,0,0,20140506,20151231
101654,1,1,1,1,1,0,0,20140506,20151231
101655,1,1,1,1,1,0,0,20140506,20151231
101656,1,1,1,1,1,0,0,20140506,20151231
101657,1,1,1,1,1,0,0,20140506,20151231
101658,1,1,1,1,1,0,0,20140506,20151231
101659,1,1,1,1,1,0,0,20140506,20151231
101660,1,1,1,1,1,0,0,20140506,20151231
101661,1,1,1,1,1,0,0,20140506,20151231
101662,1,1,1,1,1,0,0,20140506,20151231
101663,1,1,1,1,1,0,0,20140506,20151231
101664,1,1,1,1,1,0,0,20140506,20151231
101665,1,1,1,1,1,0,0,20140506,20151231
101666,1,1,1,1,1,1,0,20140506,20151231
101667,0,0,0,0,0,0,1,20140506,20151231
101668,1,1,1,1,1,1,0,20140506,20151231
101669,1,1,1,1,1,1,0,20140506,20151231
101670,1,1,1,1,1,1,0,20140506,20151231
101671,1,1,1,1,1,1,0,20140506,20151231
101672,1,1,1,1,1,1,0,20140506,20151231
101673,1,1,1,1,1,1,0,20140506,20151231
101674,1,1,1,1,1,1,0,20140506,20151231
101675,1,1,1,1,1,1,0,20140506,20151231
101676,0,0,0,0,0,0,1,20140506,20151231
101677,0,0,0,0,0,0,1,20140506,20151231
101678,0,0,0,0,0,0,1,20140506,20151231
101679,0,0,0,0,0,0,1,20140506,20151231
101680,0,0,0,0,0,0,1,20140506,20151231
101681,0,0,0,0,0,0,1,20140506,20151231
101682,0,0,0,0,0,0,1,20140506,20151231
101683,1,1,1,1,1,1,0,20140506,20151231
101684,0,0,0,0,0,0,1,20140506,20151231
101685,1,1,1,1,1,0,0,20140506,20151231
101686,1,1,1,1,1,0,0,20140506,20151231
101687,1,1,1,1,1,0,0,20140506,20151231
101688,1,1,1,1,1,0,0,20140506,20151231
101689,1,1,1,1,1,0,0,20140506,20151231
101690,1,1,1,1,1,1,0,20140506,20151231
101691,1,1,1,1,1,1,0,20140506,20151231
101692,1,1,1,1,1,1,0,20140506,20151231
101693,1,1,1,1,1,1,0,20140506,20151231
101694,1,1,1,1,1,1,0,20140506,20151231
101695,0,0,0,0,0,0,1,20140506,20151231
101696,0,0,0,0,0,0,1,20140506,20151231
101697,0,0,0,0,0,0,1,20140506,20151231
101698,0,0,0,0,0,0,1,20140506,20151231
101699,0,0,0,0,0,0,1,20140506,20151231
101700,0,0,0,0,0,0,1,20140506,20151231
101701,0,0,0,0,0,0,1,20140506,20151231
101702,1,1,1,1,1,0,0,20140506,20151231
101703,0,0,0,0,0,1,1,20140506,20151231
101704,1,1,1,1,1,0,0,20140506,20151231
101705,1,1,1,1,1,0,0,20140506,20151231
101706,1,1,1,1,1,1,0,20140506,20151231
101707,1,1,1,1,1,1,0,20140506,20151231
101708,1,1,1,1,1,1,0,20140506,20151231
101727,1,0,0,0,0,0,0,20140506,20151231
101728,1,1,1,1,1,0,0,20140506,20151231
101729,1,1,1,1,1,0,0,20140506,20151231
101730,1,1,1,1,1,0,0,20140506,20151231
101731,1,1,1,1,1,0,0,20140506,20151231
101732,0,0,0,0,0,1,1,20140506,20151231
101756,1,1,1,1,1,0,0,20140506,20151231
101757,1,1,1,1,1,0,0,20140506,20151231
101758,1,1,1,1,1,0,0,20140506,20151231
101759,1,1,1,1,1,0,0,20140506,20151231
101760,1,1,1,1,1,0,0,20140506,20151231
101761,1,1,1,1,1,0,0,20140506,20151231
101774,0,0,0,0,0,1,0,20140506,20151231
101775,0,0,0,0,0,0,1,20140506,20151231
101779,1,1,1,1,1,0,0,20140506,20151231
101780,0,0,0,0,0,1,0,20140506,20151231
101781,0,0,0,0,0,0,1,20140506,20151231
101785,1,1,1,1,1,0,0,20140506,20151231
101786,0,0,0,0,0,1,0,20140506,20151231
101787,0,0,0,0,0,0,1,20140506,20151231
101791,1,1,1,1,1,1,0,20140506,20151231
101792,0,0,0,0,0,1,1,20140506,20151231
101793,1,1,1,1,1,0,0,20140506,20151231
101794,1,1,1,1,1,0,0,20140506,20151231
101795,0,0,0,0,0,1,1,20140506,20151231
101796,1,1,1,1,1,0,0,20140506,20151231
101797,1,1,1,1,1,0,0,20140506,20151231
101798,1,1,1,1,1,0,0,20140506,20151231
101799,1,1,1,1,1,0,0,20140506,20151231
101800,1,1,1,1,1,0,0,20140506,20151231
101801,1,1,1,1,1,0,0,20140506,20151231
101802,1,1,1,1,1,0,0,20140506,20151231
101803,1,1,1,1,1,1,0,20140506,20151231
101804,1,1,1,1,1,1,0,20140506,20151231
101805,0,0,0,0,0,0,1,20140506,20151231
101806,0,0,0,0,0,0,1,20140506,20151231
101808,0,0,0,0,0,1,0,20140506,20151231
101809,1,1,1,1,1,0,0,20140506,20151231
101810,1,1,1,1,1,0,0,20140506,20151231
101811,1,1,1,1,1,0,0,20140506,20151231
101812,1,1,1,1,1,0,0,20140506,20151231
101813,1,1,1,1,1,0,0,20140506,20151231
101814,1,1,1,1,1,0,0,20140506,20151231
101815,1,1,1,1,1,0,0,20140506,20151231
101816,1,1,1,1,1,0,0,20140506,20151231
101817,1,1,1,1,1,0,0,20140506,20151231
101818,1,1,1,1,1,0,0,20140506,20151231
101819,1,1,1,1,1,0,0,20140506,20151231
101820,1,1,1,1,1,0,0,20140506,20151231
101821,1,1,1,1,1,0,0,20140506,20151231
101822,1,1,1,1,1,0,0,20140506,20151231
101823,1,1,1,1,1,0,0,20140506,20151231
101824,1,1,1,1,1,0,0,20140506,20151231
101825,1,1,1,1,1,0,0,20140506,20151231
101826,1,1,1,1,1,0,0,20140506,20151231
101827,1,1,1,1,1,0,0,20140506,20151231
101828,1,1,1,1,1,0,0,20140506,20151231
101829,0,0,0,0,0,1,1,20140506,20151231
101830,0,0,0,0,0,1,1,20140506,20151231
101831,0,0,0,0,0,1,1,20140506,20151231
101832,0,0,0,0,0,1,1,20140506,20151231
101833,0,0,0,0,0,1,1,20140506,20151231
101834,0,0,0,0,0,1,1,20140506,20151231
101835,0,0,0,0,0,1,1,20140506,20151231
101836,0,0,0,0,0,1,1,20140506,20151231
101837,1,1,1,1,1,0,0,20140506,20151231
101838,0,0,0,0,0,1,1,20140506,20151231
101839,0,0,0,0,0,1,1,20140506,20151231
101840,0,0,0,0,0,1,1,20140506,20151231
101841,0,0,0,0,0,1,1,20140506,20151231
101842,0,0,0,0,0,1,1,20140506,20151231
101843,0,0,0,0,0,1,1,20140506,20151231
101844,0,0,0,0,0,1,1,20140506,20151231
101845,0,0,0,0,0,1,1,20140506,20151231
101846,1,1,1,1,1,0,0,20140506,20151231
101847,0,0,0,0,0,1,1,20140506,20151231
101848,0,0,0,0,0,1,1,20140506,20151231
101849,0,0,0,0,0,1,1,20140506,20151231
101850,0,0,0,0,0,1,1,20140506,20151231
101851,0,0,0,0,0,1,1,20140506,20151231
101852,0,0,0,0,0,1,1,20140506,20151231
101853,0,0,0,0,0,1,1,20140506,20151231
101854,1,1,1,1,1,1,0,20140506,20151231
101855,1,1,1,1,1,1,0,20140506,20151231
101856,1,1,1,1,1,1,0,20140506,20151231
101857,1,1,1,1,1,1,0,20140506,20151231
101858,1,1,1,1,1,1,0,20140506,20151231
101859,1,1,1,1,1,1,0,20140506,20151231
101860,1,1,1,1,1,1,0,20140506,20151231
101861,1,1,1,1,1,1,0,20140506,20151231
101862,1,1,1,1,1,1,0,20140506,20151231
101863,1,1,1,1,1,1,0,20140506,20151231
101864,1,1,1,1,1,1,0,20140506,20151231
101865,1,1,1,1,1,1,0,20140506,20151231
101866,1,1,1,1,1,1,0,20140506,20151231
101867,1,1,1,1,1,1,0,20140506,20151231
101868,1,1,1,1,1,1,0,20140506,20151231
101869,1,0,0,0,0,0,0,20140506,20151231
101870,1,0,0,0,0,0,0,20140506,20151231
101871,1,1,1,1,1,0,0,20140506,20151231
101872,1,1,1,1,1,0,0,20140506,20151231
101873,1,1,1,1,1,0,0,20140506,20151231
101874,1,1,1,1,1,0,0,20140506,20151231
101875,1,1,1,1,1,0,0,20140506,20151231
101876,1,1,1,1,1,0,0,20140506,20151231
101877,1,1,1,1,1,0,0,20140506,20151231
101878,1,1,1,1,1,0,0,20140506,20151231
101879,1,1,1,1,1,0,0,20140506,20151231
101880,1,1,1,1,1,0,0,20140506,20151231
101881,1,1,1,1,1,0,0,20140506,20151231
101882,1,1,1,1,1,0,0,20140506,20151231
101883,1,1,1,1,1,0,0,20140506,20151231
101884,1,1,1,1,1,0,0,20140506,20151231
101885,1,1,1,1,1,0,0,20140506,20151231
101886,1,1,1,1,1,0,0,20140506,20151231
101887,1,1,1,1,1,0,0,20140506,20151231
101888,1,1,1,1,1,0,0,20140506,20151231
101889,1,1,1,1,1,0,0,20140506,20151231
101890,1,1,1,1,1,0,0,20140506,20151231
101891,1,1,1,1,1,0,0,20140506,20151231
101892,1,1,1,1,1,0,0,20140506,20151231
101893,1,1,1,1,1,0,0,20140506,20151231
101894,1,1,1,1,1,0,0,20140506,20151231
101895,1,1,1,1,1,0,0,20140506,20151231
101896,1,1,1,1,1,0,0,20140506,20151231
101897,1,1,1,1,1,0,0,20140506,20151231
101898,1,1,1,1,1,0,0,20140506,20151231
101899,1,1,1,1,1,0,0,20140506,20151231
101900,1,1,1,1,1,0,0,20140506,20151231
101901,1,1,1,1,1,0,0,20140506,20151231
101902,1,1,1,1,1,0,0,20140506,20151231
101903,1,1,1,1,1,0,0,20140506,20151231
101904,1,1,1,1,1,0,0,20140506,20151231
101905,1,1,1,1,1,0,0,20140506,20151231
101906,1,1,1,1,1,0,0,20140506,20151231
101907,1,1,1,1,1,0,0,20140506,20151231
101908,1,1,1,1,1,0,0,20140506,20151231
101909,1,1,1,1,1,0,0,20140506,20151231
101910,1,1,1,1,1,0,0,20140506,20151231
101911,1,1,1,1,1,0,0,20140506,20151231
101912,1,1,1,1,1,0,0,20140506,20151231
101913,1,1,1,1,1,0,0,20140506,20151231
103789,1,1,1,1,1,0,0,20140506,20151231
103790,1,1,1,1,1,0,0,20140506,20151231
103791,1,1,1,1,1,1,0,20140506,20151231
103792,0,0,0,0,0,0,1,20140506,20151231
103793,1,1,1,1,1,0,0,20140506,20151231
103794,0,0,0,0,0,1,0,20140506,20151231
103795,0,0,0,0,0,0,1,20140506,20151231
103800,1,1,1,1,1,1,0,20140506,20151231
103801,0,0,0,0,0,0,1,20140506,20151231
103802,1,1,1,1,1,1,0,20140506,20151231
103803,1,1,1,1,1,1,0,20140506,20151231
103804,1,1,1,1,1,1,0,20140506,20151231
103805,1,1,1,1,1,1,0,20140506,20151231
103806,1,1,1,1,1,0,0,20140506,20151231
103817,1,1,1,1,1,0,0,20140506,20151231
103818,0,0,0,0,0,1,0,20140506,20151231
103819,1,1,1,1,1,1,0,20140506,20151231
103820,0,0,0,0,0,0,1,20140506,20151231
103821,1,1,1,1,1,0,0,20140506,20151231
103822,0,0,0,0,0,1,0,20140506,20151231
103823,1,1,1,1,1,1,0,20140506,20151231
103824,0,0,0,0,0,0,1,20140506,20151231
103827,0,0,0,0,0,1,1,20140506,20151231
103828,1,1,1,1,1,0,0,20140506,20151231
103829,1,1,1,1,1,0,0,20140506,20151231
103830,1,1,1,1,1,0,0,20140506,20151231
103831,1,1,1,1,1,0,0,20140506,20151231
103832,1,1,1,1,1,0,0,20140506,20151231
103833,1,1,1,1,1,0,0,20140506,20151231
103834,0,0,0,0,0,1,1,20140506,20151231
103835,1,1,1,1,1,0,0,20140506,20151231
103836,1,1,1,1,1,0,0,20140506,20151231
103837,0,0,0,0,0,1,1,20140506,20151231
103838,1,1,1,1,1,0,0,20140506,20151231
103839,0,0,0,0,0,1,1,20140506,20151231
103840,1,1,1,1,1,0,0,20140506,20151231
103841,1,1,1,1,1,0,0,20140506,20151231
103842,1,1,1,1,1,0,0,20140506,20151231
103843,1,1,1,1,1,0,0,20140506,20151231
103844,1,1,1,1,1,0,0,20140506,20151231
103845,1,1,1,1,1,0,0,20140506,20151231
103846,0,0,0,0,0,1,1,20140506,20151231
103847,1,1,1,1,1,0,0,20140506,20151231
103848,1,1,1,1,1,0,0,20140506,20151231
103849,0,0,0,0,0,1,1,20140506,20151231
103850,1,1,1,1,1,0,0,20140506,20151231
103851,0,0,0,0,0,1,1,20140506,20151231
103852,0,0,0,0,0,1,1,20140506,20151231
103853,1,1,1,1,1,0,0,20140506,20151231
103854,0,0,0,0,0,1,1,20140506,20151231
103855,0,0,0,0,0,1,1,20140506,20151231
103856,0,0,0,0,0,1,1,20140506,20151231
103857,0,0,0,0,0,1,1,20140506,20151231
103858,0,0,0,0,0,1,1,20140506,20151231
103859,0,0,0,0,0,1,1,20140506,20151231
103860,0,0,0,0,0,1,1,20140506,20151231
103861,0,0,0,0,0,1,1,20140506,20151231
103862,0,0,0,0,0,1,1,20140506,20151231
103863,0,0,0,0,0,1,1,20140506,20151231
103864,1,1,1,1,1,0,0,20140506,20151231
103865,0,0,0,0,0,1,1,20140506,20151231
103866,0,0,0,0,0,1,1,20140506,20151231
103867,0,0,0,0,0,1,1,20140506,20151231
103868,0,0,0,0,0,1,1,20140506,20151231
103869,1,1,1,1,1,0,0,20140506,20151231
103870,1,1,1,1,1,0,0,20140506,20151231
103871,1,1,1,1,1,0,0,20140506,20151231
103872,1,1,1,1,1,0,0,20140506,20151231
103873,1,1,1,1,1,0,0,20140506,20151231
103874,1,1,1,1,1,0,0,20140506,20151231
103875,1,1,1,1,1,0,0,20140506,20151231
103876,1,1,1,1,1,0,0,20140506,20151231
103877,1,1,1,1,1,0,0,20140506,20151231
103878,1,1,1,1,1,0,0,20140506,20151231
103879,1,1,1,1,1,0,0,20140506,20151231
103880,1,1,1,1,1,0,0,20140506,20151231
103881,1,1,1,1,1,0,0,20140506,20151231
103882,1,1,1,1,1,0,0,20140506,20151231
103883,1,1,1,1,1,0,0,20140506,20151231
103884,1,1,1,1,1,0,0,20140506,20151231
103894,1,1,1,1,1,0,0,20140506,20151231
103895,1,1,1,1,1,0,0,20140506,20151231
103896,1,1,1,1,1,0,0,20140506,20151231
103897,1,1,1,1,1,0,0,20140506,20151231
103898,1,1,1,1,1,0,0,20140506,20151231
103899,1,1,1,1,1,0,0,20140506,20151231
103900,1,1,1,1,1,0,0,20140506,20151231
103901,1,1,1,1,1,0,0,20140506,20151231
103902,1,1,1,1,1,0,0,20140506,20151231
103903,1,1,1,1,1,0,0,20140506,20151231
103904,1,1,1,1,1,0,0,20140506,20151231
103905,1,1,1,1,1,0,0,20140506,20151231
103906,1,1,1,1,1,0,0,20140506,20151231
103907,1,1,1,1,1,0,0,20140506,20151231
103908,1,1,1,1,1,0,0,20140506,20151231
103909,1,1,1,1,1,0,0,20140506,20151231
103910,0,0,0,0,0,1,1,20140506,20151231
103911,0,0,0,0,0,1,1,20140506,20151231
103912,0,0,0,0,0,1,1,20140506,20151231
103913,0,0,0,0,0,1,1,20140506,20151231
103914,0,0,0,0,0,1,1,20140506,20151231
103915,0,0,0,0,0,1,1,20140506,20151231
103916,0,0,0,0,0,1,1,20140506,20151231
103917,0,0,0,0,0,1,1,20140506,20151231
103918,1,1,1,1,1,0,0,20140506,20151231
103919,1,1,1,1,1,0,0,20140506,20151231
103920,1,1,1,1,1,0,0,20140506,20151231
103921,1,1,1,1,1,0,0,20140506,20151231
103922,1,1,1,1,1,0,0,20140506,20151231
103923,1,1,1,1,1,0,0,20140506,20151231
103924,1,1,1,1,1,0,0,20140506,20151231
103925,1,1,1,1,1,0,0,20140506,20151231
103926,1,1,1,1,1,0,0,20140506,20151231
103927,1,1,1,1,1,0,0,20140506,20151231
103928,1,1,1,1,1,0,0,20140506,20151231
103929,1,1,1,1,1,0,0,20140506,20151231
103930,1,1,1,1,1,0,0,20140506,20151231
103931,1,1,1,1,1,0,0,20140506,20151231
103932,1,1,1,1,1,0,0,20140506,20151231
103933,1,1,1,1,1,0,0,20140506,20151231
103934,1,1,1,1,1,0,0,20140506,20151231
103935,1,1,1,1,1,0,0,20140506,20151231
103936,1,1,1,1,1,0,0,20140506,20151231
103937,1,1,1,1,1,0,0,20140506,20151231
103938,1,1,1,1,1,0,0,20140506,20151231
103939,1,1,1,1,1,0,0,20140506,20151231
103940,1,1,1,1,1,0,0,20140506,20151231
103941,1,1,1,1,1,0,0,20140506,20151231
103942,1,1,1,1,1,0,0,20140506,20151231
103943,1,1,1,1,1,0,0,20140506,20151231
103944,1,1,1,1,1,0,0,20140506,20151231
103949,1,1,1,1,1,1,0,20140506,20151231
103951,1,1,1,1,1,1,0,20140506,20151231
103952,1,1,1,1,1,1,0,20140506,20151231
103953,1,1,1,1,1,1,0,20140506,20151231
103954,0,0,0,0,0,1,0,20140506,20151231
103955,1,1,1,1,1,0,0,20140506,20151231
103956,0,0,0,0,0,1,0,20140506,20151231
103957,1,1,1,1,1,1,0,20140506,20151231
103958,0,0,0,0,0,1,0,20140506,20151231
103959,1,1,1,1,1,1,0,20140506,20151231
103960,1,1,1,1,1,1,0,20140506,20151231
103961,0,0,0,0,0,0,1,20140506,20151231
103962,1,1,1,1,1,0,0,20140506,20151231
103963,0,0,0,0,0,1,0,20140506,20151231
103964,0,0,0,0,0,0,1,20140506,20151231
103965,1,1,1,1,1,1,0,20140506,20151231
103966,1,1,1,1,1,1,0,20140506,20151231
103967,1,1,1,1,1,1,0,20140506,20151231
103968,1,1,1,1,1,1,0,20140506,20151231
103969,1,1,1,1,1,1,0,20140506,20151231
103970,1,1,1,1,1,1,0,20140506,20151231
103971,1,1,1,1,1,1,0,20140506,20151231
103972,1,1,1,1,1,1,0,20140506,20151231
103973,1,1,1,1,1,1,0,20140506,20151231
103974,1,1,1,1,1,1,0,20140506,20151231
103975,1,1,1,1,1,1,0,20140506,20151231
103976,1,1,1,1,1,1,0,20140506,20151231
103977,1,1,1,1,1,1,0,20140506,20151231
103978,1,1,1,1,1,1,0,20140506,20151231
103979,1,1,1,1,1,1,0,20140506,20151231
103980,1,1,1,1,1,1,0,20140506,20151231
103981,1,1,1,1,1,1,0,20140506,20151231
103982,0,0,0,0,0,0,1,20140506,20151231
103983,0,0,0,0,0,0,1,20140506,20151231
103984,0,0,0,0,0,0,1,20140506,20151231
103985,0,0,0,0,0,0,1,20140506,20151231
103986,0,0,0,0,0,0,1,20140506,20151231
103987,0,0,0,0,0,0,1,20140506,20151231
103988,0,0,0,0,0,0,1,20140506,20151231
103989,0,0,0,0,0,0,1,20140506,20151231
103990,1,1,1,1,1,1,0,20140506,20151231
103991,0,0,0,0,0,0,1,20140506,20151231
103992,0,0,0,0,0,0,1,20140506,20151231
103993,0,0,0,0,0,0,1,20140506,20151231
103994,0,0,0,0,0,0,1,20140506,20151231
103995,0,0,0,0,0,0,1,20140506,20151231
103996,0,0,0,0,0,0,1,20140506,20151231
103997,0,0,0,0,0,0,1,20140506,20151231
103998,0,0,0,0,0,0,1,20140506,20151231
103999,0,0,0,0,0,0,1,20140506,20151231
104000,1,1,1,1,1,1,0,20140506,20151231
104001,0,0,0,0,0,0,1,20140506,20151231
104002,1,1,1,1,1,1,0,20140506,20151231
104003,0,0,0,0,0,0,1,20140506,20151231
104004,0,0,0,0,0,0,1,20140506,20151231
104005,0,0,0,0,0,0,1,20140506,20151231
104006,0,0,0,0,0,0,1,20140506,20151231
104007,0,0,0,0,0,0,1,20140506,20151231
104008,0,0,0,0,0,0,1,20140506,20151231
104009,0,0,0,0,0,0,1,20140506,20151231
104010,0,0,0,0,0,0,1,20140506,20151231
104011,1,1,1,1,1,1,0,20140506,20151231
104012,0,0,0,0,0,0,1,20140506,20151231
104013,0,0,0,0,0,0,1,20140506,20151231
104014,1,1,1,1,1,0,0,20140506,20151231
104044,1,1,1,1,1,0,0,20140506,20151231
104045,0,0,0,0,0,0,1,20140506,20151231
104046,0,0,0,0,0,0,1,20140506,20151231
104047,1,1,1,1,1,1,0,20140506,20151231
104048,0,0,0,0,0,0,1,20140506,20151231
104049,0,0,0,0,0,0,1,20140506,20151231
104050,1,1,1,1,1,0,0,20140506,20151231
104051,0,0,0,0,0,0,1,20140506,20151231
104052,0,0,0,0,0,0,1,20140506,20151231
104053,1,1,1,1,1,1,0,20140506,20151231
104054,0,0,0,0,0,0,1,20140506,20151231
104055,0,0,0,0,0,0,1,20140506,20151231
104056,1,1,1,1,1,1,0,20140506,20151231
104057,1,1,1,1,1,1,0,20140506,20151231
104058,1,1,1,1,1,1,0,20140506,20151231
104059,1,1,1,1,1,1,0,20140506,20151231
104060,1,1,1,1,1,1,0,20140506,20151231
104061,1,1,1,1,1,1,0,20140506,20151231
104062,1,1,1,1,1,1,0,20140506,20151231
104063,1,1,1,1,1,1,0,20140506,20151231
104064,1,1,1,1,1,1,0,20140506,20151231
104065,1,1,1,1,1,1,0,20140506,20151231
104066,1,1,1,1,1,1,0,20140506,20151231
104067,1,1,1,1,1,1,0,20140506,20151231
104068,1,1,1,1,1,1,0,20140506,20151231
104069,1,1,1,1,1,1,0,20140506,20151231
104070,1,1,1,1,1,1,0,20140506,20151231
104071,1,1,1,1,1,1,0,20140506,20151231
104072,1,1,1,1,1,1,0,20140506,20151231
104073,1,1,1,1,1,1,0,20140506,20151231
104074,1,1,1,1,1,1,0,20140506,20151231
104075,1,1,1,1,1,1,0,20140506,20151231
104076,1,1,1,1,1,1,0,20140506,20151231
104077,1,1,1,1,1,1,0,20140506,20151231
104078,0,0,0,0,0,0,1,20140506,20151231
104079,0,0,0,0,0,0,1,20140506,20151231
104080,0,0,0,0,0,0,1,20140506,20151231
104081,0,0,0,0,0,0,1,20140506,20151231
104082,0,0,0,0,0,0,1,20140506,20151231
104083,0,0,0,0,0,0,1,20140506,20151231
104084,0,0,0,0,0,0,1,20140506,20151231
104085,0,0,0,0,0,0,1,20140506,20151231
104086,0,0,0,0,0,0,1,20140506,20151231
104087,0,0,0,0,0,0,1,20140506,20151231
104088,0,0,0,0,0,0,1,20140506,20151231
104089,0,0,0,0,0,0,1,20140506,20151231
104090,0,0,0,0,0,0,1,20140506,20151231
104091,0,0,0,0,0,0,1,20140506,20151231
104092,0,0,0,0,0,0,1,20140506,20151231
104093,0,0,0,0,0,0,1,20140506,20151231
104094,0,0,0,0,0,0,1,20140506,20151231
104095,0,0,0,0,0,0,1,20140506,20151231
104172,0,0,0,0,0,1,0,20140506,20151231
104173,1,1,1,1,1,0,0,20140506,20151231
104174,1,1,1,1,1,0,0,20140506,20151231
104175,1,1,1,1,1,0,0,20140506,20151231
104176,0,0,0,0,0,1,0,20140506,20151231
104186,0,0,0,0,1,0,0,20140506,20151231
104188,0,0,0,0,1,0,0,20140506,20151231
104193,0,0,0,0,1,0,0,20140506,20151231
148982,1,1,1,1,1,0,0,20140506,20151231
148983,0,0,0,0,0,1,0,20140506,20151231
148984,0,0,0,0,0,0,1,20140506,20151231
148985,1,1,1,1,1,0,0,20140506,20151231
148986,0,0,0,0,0,1,0,20140506,20151231
148987,0,0,0,0,0,0,1,20140506,20151231
148988,1,1,1,1,1,0,0,20140506,20151231
148989,0,0,0,0,0,1,1,20140506,20151231
148990,1,1,1,1,1,0,0,20140506,20151231
148991,0,0,0,0,0,1,1,20140506,20151231
149009,1,1,1,1,1,0,0,20140506,20151231
149010,1,1,1,1,1,0,0,20140506,20151231
149011,0,0,0,0,0,1,0,20140506,20151231
149012,0,0,0,0,0,1,0,20140506,20151231
149013,0,0,0,0,0,0,1,20140506,20151231
149019,1,1,1,1,1,0,0,20140506,20151231
149020,1,1,1,1,1,0,0,20140506,20151231
149021,0,0,0,0,0,1,0,20140506,20151231
149022,0,0,0,0,0,1,0,20140506,20151231
149023,0,0,0,0,0,0,1,20140506,20151231
149029,1,1,1,1,1,0,0,20140506,20151231
149030,1,1,1,1,1,0,0,20140506,20151231
149031,0,0,0,0,0,1,0,20140506,20151231
149032,0,0,0,0,0,1,0,20140506,20151231
149033,0,0,0,0,0,0,1,20140506,20151231
149034,1,1,1,1,1,0,0,20140506,20151231
149035,0,0,0,0,0,1,1,20140506,20151231
149036,1,1,1,1,1,0,0,20140506,20151231
149037,0,0,0,0,0,1,1,20140506,20151231
149038,0,0,0,0,0,1,1,20140506,20151231
149039,0,0,0,0,0,1,1,20140506,20151231
149040,0,0,0,0,0,1,1,20140506,20151231
149041,0,0,0,0,0,1,1,20140506,20151231
149042,0,0,0,0,0,1,1,20140506,20151231
149043,0,0,0,0,0,1,1,20140506,20151231
149044,0,0,0,0,0,1,1,20140506,20151231
149045,1,1,1,1,1,0,0,20140506,20151231
149046,1,1,1,1,1,0,0,20140506,20151231
149047,1,1,1,1,1,0,0,20140506,20151231
149088,0,0,0,0,0,1,0,20140506,20151231
149089,0,0,0,0,0,0,1,20140506,20151231
149090,0,0,0,0,0,0,1,20140506,20151231
149091,0,0,0,0,0,0,1,20140506,20151231
149092,0,0,0,0,0,0,1,20140506,20151231
149093,0,0,0,0,0,0,1,20140506,20151231
149094,0,0,0,0,0,0,1,20140506,20151231
149095,0,0,0,0,0,0,1,20140506,20151231
149096,0,0,0,0,0,0,1,20140506,20151231
149097,1,1,1,1,1,0,0,20140506,20151231
149098,1,1,1,1,1,0,0,20140506,20151231
149099,1,1,1,1,1,0,0,20140506,20151231
149112,0,0,0,0,0,0,1,20140506,20151231
149113,1,1,1,1,1,0,0,20140506,20151231
149114,0,0,0,0,0,0,1,20140506,20151231
149115,0,0,0,0,0,0,1,20140506,20151231
149116,0,0,0,0,0,0,1,20140506,20151231
149117,0,0,0,0,0,0,1,20140506,20151231
149118,0,0,0,0,0,0,1,20140506,20151231
149119,0,0,0,0,0,1,0,20140506,20151231
149120,0,0,0,0,0,0,1,20140506,20151231
149121,0,0,0,0,0,0,1,20140506,20151231
149122,1,1,1,1,1,0,0,20140506,20151231
149123,1,1,1,1,1,0,0,20140506,20151231
149136,0,0,0,0,0,0,1,20140506,20151231
149137,0,0,0,0,0,0,1,20140506,20151231
149138,0,0,0,0,0,0,1,20140506,20151231
149139,0,0,0,0,0,0,1,20140506,20151231
149140,1,1,1,1,1,0,0,20140506,20151231
149141,1,1,1,1,1,0,0,20140506,20151231
149142,0,0,0,0,0,1,0,20140506,20151231
149143,1,1,1,1,1,0,0,20140506,20151231
149144,0,0,0,0,0,0,1,20140506,20151231
149145,0,0,0,0,0,0,1,20140506,20151231
149146,0,0,0,0,0,0,1,20140506,20151231
149147,0,0,0,0,0,0,1,20140506,20151231
185001,0,0,0,0,0,1,0,20140506,20151231
185002,0,0,0,0,0,1,0,20140506,20151231
185003,1,1,1,1,1,1,0,20140506,20151231
185005,0,0,0,0,0,0,1,20140506,20151231
185007,1,1,1,1,1,1,0,20140506,20151231
185008,0,0,0,0,0,0,1,20140506,20151231
185009,0,0,0,0,0,1,0,20140506,20151231
185010,1,1,1,1,1,0,0,20140506,20151231
185012,1,1,1,1,1,1,1,20140506,20151231
185013,1,1,1,1,1,1,1,20140506,20151231
185014,1,1,1,1,1,1,1,20140506,20151231
185015,1,1,1,1,1,1,1,20140506,20151231
185016,1,1,1,1,1,1,1,20140506,20151231
185017,1,1,1,1,1,1,1,20140506,20151231
185018,1,1,1,1,1,1,1,20140506,20151231
185019,1,1,1,1,1,1,1,20140506,20151231
185020,1,1,1,1,1,1,1,20140506,20151231
185021,1,1,1,1,1,1,1,20140506,20151231
185022,1,1,1,1,1,1,1,20140506,20151231
185023,1,1,1,1,1,1,1,20140506,20151231
185024,1,1,1,1,1,1,1,20140506,20151231
185025,1,1,1,1,1,1,1,20140506,20151231
185026,1,1,1,1,1,1,1,20140506,20151231
185027,1,1,1,1,1,1,1,20140506,20151231
185028,1,1,1,1,1,1,1,20140506,20151231
185029,1,1,1,1,1,1,1,20140506,20151231
185030,1,1,1,1,1,1,1,20140506,20151231
185031,1,1,1,1,1,1,1,20140506,20151231
185032,1,1,1,1,1,1,1,20140506,20151231
185033,1,1,1,1,1,1,1,20140506,20151231
185034,1,1,1,1,1,1,1,20140506,20151231
185035,1,1,1,1,1,1,1,20140506,20151231
185036,1,1,1,1,1,1,1,20140506,20151231
185037,1,1,1,1,1,1,1,20140506,20151231
185038,1,1,1,1,1,1,1,20140506,20151231
185039,1,1,1,1,1,1,1,20140506,20151231
185040,1,1,1,1,1,1,1,20140506,20151231
185041,1,1,1,1,1,1,1,20140506,20151231
185042,1,1,1,1,1,1,1,20140506,20151231
185043,1,1,1,1,1,1,1,20140506,20151231
185044,1,1,1,1,1,1,1,20140506,20151231
185045,1,1,1,1,1,1,1,20140506,20151231
185046,1,1,1,1,1,1,1,20140506,20151231
185047,1,1,1,1,1,1,1,20140506,20151231
185048,0,0,0,0,0,1,1,20140506,20151231
185049,1,1,1,1,1,0,0,20140506,20151231
185050,0,0,0,0,0,1,1,20140506,20151231
185051,1,1,1,1,1,0,0,20140506,20151231
185052,1,1,1,1,1,0,0,20140506,20151231
185053,0,0,0,0,0,1,1,20140506,20151231
185054,0,0,0,0,0,1,1,20140506,20151231
185055,1,1,1,1,1,1,1,20140506,20151231
185060,0,0,0,0,0,1,0,20140506,20151231
185061,1,1,1,1,1,0,0,20140506,20151231
185062,1,1,1,1,1,0,0,20140506,20151231
185063,0,0,0,0,0,1,0,20140506,20151231
185064,1,1,1,1,1,0,0,20140506,20151231
185065,1,1,1,1,1,0,0,20140506,20151231
185066,0,0,0,0,0,1,0,20140506,20151231
185067,1,1,1,1,1,0,0,20140506,20151231
185068,0,0,0,0,0,1,0,20140506,20151231
185069,1,1,1,1,1,0,0,20140506,20151231
185070,1,1,1,1,1,0,0,20140506,20151231
185071,0,0,0,0,0,1,0,20140506,20151231
185072,0,0,0,0,0,0,1,20140506,20151231
185073,0,0,0,0,0,0,1,20140506,20151231
185074,0,0,0,0,0,0,1,20140506,20151231
185075,0,0,0,0,0,0,1,20140506,20151231
185076,0,0,0,0,0,0,1,20140506,20151231
185077,0,0,0,0,0,0,1,20140506,20151231
185078,0,0,0,0,0,0,1,20140506,20151231
185079,0,0,0,0,0,0,1,20140506,20151231
185080,0,0,0,0,0,0,1,20140506,20151231
185081,1,1,1,1,1,0,0,20140506,20151231
185082,0,0,0,0,0,1,0,20140506,20151231
185083,1,1,1,1,1,0,0,20140506,20151231
185084,1,1,1,1,1,0,0,20140506,20151231
185085,1,1,1,1,1,0,0,20140506,20151231
185086,0,0,0,0,0,1,0,20140506,20151231
185087,1,1,1,1,1,0,0,20140506,20151231
185088,0,0,0,0,0,1,0,20140506,20151231
185089,0,0,0,0,0,1,0,20140506,20151231
185090,1,1,1,1,1,0,0,20140506,20151231
185091,0,0,0,0,0,1,0,20140506,20151231
185092,1,1,1,1,1,0,0,20140506,20151231
185093,0,0,0,0,0,0,1,20140506,20151231
185094,0,0,0,0,0,0,1,20140506,20151231
185095,0,0,0,0,0,0,1,20140506,20151231
185096,0,0,0,0,0,0,1,20140506,20151231
185097,0,0,0,0,0,0,1,20140506,20151231
185098,0,0,0,0,0,0,1,20140506,20151231
185099,0,0,0,0,0,0,1,20140506,20151231
185100,0,0,0,0,0,0,1,20140506,20151231
185101,0,0,0,0,0,0,1,20140506,20151231
185102,0,0,0,0,0,0,1,20140506,20151231
185103,1,1,1,1,1,1,0,20140506,20151231
185104,0,0,0,0,0,0,1,20140506,20151231
185105,0,0,0,0,0,1,0,20140506,20151231
185106,0,0,0,0,0,0,1,20140506,20151231
185107,0,0,0,0,0,1,0,20140506,20151231
185108,0,0,0,0,0,0,1,20140506,20151231
185109,0,0,0,0,0,1,0,20140506,20151231
185110,1,1,1,1,1,0,0,20150101,20151231
185111,1,1,1,1,1,0,0,20150101,20151231
185112,1,1,1,1,1,0,0,20150101,20151231
185113,1,1,1,1,1,0,0,20150101,20151231
185114,1,1,1,1,1,0,0,20150101,20151231
185115,1,1,1,1,1,0,0,20150101,20151231
185116,1,1,1,1,1,0,0,20150101,20151231
185198,1,1,1,1,1,0,0,20150101,20151231
185199,1,1,1,1,1,0,0,20150101,20151231
185200,1,1,1,1,1,0,0,20150101,20151231
185201,1,1,1,1,1,0,0,20150101,20151231
185202,1,1,1,1,1,0,0,20150101,20151231
185203,1,1,1,1,1,0,0,20150101,20151231
185204,1,1,1,1,1,0,0,20150101,20151231
185117,1,1,1,1,1,0,0,20150101,20151231
185118,1,1,1,1,1,0,0,20150101,20151231
185119,1,1,1,1,1,0,0,20150101,20151231
185120,1,1,1,1,1,0,0,20150101,20151231
185205,1,1,1,1,1,0,0,20150101,20151231
185206,1,1,1,1,1,0,0,20150101,20151231
185207,1,1,1,1,1,0,0,20150101,20151231
185208,1,1,1,1,1,0,0,20150101,20151231
185121,1,1,1,1,1,0,0,20150101,20151231
185122,1,1,1,1,1,0,0,20150101,20151231
185209,1,1,1,1,1,0,0,20150101,20151231
185210,1,1,1,1,1,0,0,20150101,20151231
185211,1,1,1,1,1,0,0,20150101,20151231
185212,1,1,1,1,1,0,0,20150101,20151231
185123,1,1,1,1,1,0,0,20150101,20151231
185124,1,1,1,1,1,0,0,20150101,20151231
185125,1,1,1,1,1,0,0,20150101,20151231
185126,1,1,1,1,1,0,0,20150101,20151231
185127,1,1,1,1,1,0,0,20150101,20151231
185128,1,1,1,1,1,0,0,20150101,20151231
185129,1,1,1,1,1,0,0,20150101,20151231
185130,1,1,1,1,1,0,0,20150101,20151231
185131,1,1,1,1,1,0,0,20150101,20151231
185132,1,1,1,1,1,0,0,20150101,20151231
185133,1,1,1,1,1,0,0,20150101,20151231
185134,1,1,1,1,1,0,0,20150101,20151231
185135,1,1,1,1,1,0,0,20150101,20151231
185136,1,1,1,1,1,0,0,20150101,20151231
185137,1,1,1,1,1,0,0,20150101,20151231
185138,1,1,1,1,1,0,0,20150101,20151231
185139,1,1,1,1,1,0,0,20150101,20151231
185140,1,1,1,1,1,0,0,20150101,20151231
185141,1,1,1,1,1,0,0,20150101,20151231
185142,1,1,1,1,1,0,0,20150101,20151231
185143,1,1,1,1,1,0,0,20150101,20151231
185144,1,1,1,1,1,0,0,20150101,20151231
185145,1,1,1,1,1,0,0,20150101,20151231
185146,1,1,1,1,1,0,0,20150101,20151231
185147,1,1,1,1,1,0,0,20150101,20151231
185148,1,1,1,1,1,0,0,20150101,20151231
185149,1,1,1,1,1,0,0,20150101,20151231
185150,1,1,1,1,1,0,0,20150101,20151231
185151,1,1,1,1,1,0,0,20150101,20151231
185152,1,1,1,1,1,0,0,20150101,20151231
185153,1,1,1,1,1,0,0,20150101,20151231
185154,1,1,1,1,1,0,0,20150101,20151231
185155,1,1,1,1,1,0,0,20150101,20151231
185156,1,1,1,1,1,0,0,20150101,20151231
185157,1,1,1,1,1,0,0,20150101,20151231
185158,1,1,1,1,1,1,1,20150101,20151231
186100,1,1,1,1,1,0,0,20150101,20151231
186101,1,1,1,1,1,0,0,20150101,20151231
186102,1,1,1,1,1,0,0,20150101,20151231
186103,1,1,1,1,1,0,0,20150101,20151231
186104,1,1,1,1,1,0,0,20150101,20151231
186105,1,1,1,1,1,0,0,20150101,20151231
186106,1,1,1,1,1,0,0,20150101,20151231
186107,1,1,1,1,1,0,0,20150101,20151231
186108,1,1,1,1,1,0,0,20150101,20151231
186109,1,1,1,1,1,0,0,20150101,20151231
186110,1,1,1,1,1,0,0,20150101,20151231
186111,1,1,1,1,1,0,0,20150101,20151231
186112,1,1,1,1,1,0,0,20150101,20151231
186113,1,1,1,1,1,0,0,20150101,20151231
186114,1,1,1,1,1,0,0,20150101,20151231
186115,1,1,1,1,1,0,0,20150101,20151231
186116,1,1,1,1,1,0,0,20150101,20151231
186117,1,1,1,1,1,0,0,20150101,20151231
186118,1,1,1,1,1,0,0,20150101,20151231
186119,1,1,1,1,1,0,0,20150101,20151231
186120,1,1,1,1,1,0,0,20150101,20151231
186121,1,1,1,1,1,0,0,20150101,20151231
186122,1,1,1,1,1,0,0,20150101,20151231
186123,1,1,1,1,1,0,0,20150101,20151231
186124,1,1,1,1,1,0,0,20150101,20151231
186125,1,1,1,1,1,0,0,20150101,20151231
186126,1,1,1,1,1,0,0,20150101,20151231
186127,1,1,1,1,1,0,0,20150101,20151231
186128,1,1,1,1,1,0,0,20150101,20151231
186129,1,1,1,1,1,0,0,20150101,20151231
186130,1,1,1,1,1,0,0,20150101,20151231
186131,1,1,1,1,1,0,0,20150101,20151231
186132,0,0,0,0,0,1,1,20150101,20151231
186133,0,0,0,0,0,1,1,20150101,20151231
186134,0,0,0,0,0,1,1,20150101,20151231
186135,0,0,0,0,0,1,1,20150101,20151231
186136,0,0,0,0,0,1,1,20150101,20151231
186137,0,0,0,0,0,1,1,20150101,20151231
186138,0,0,0,0,0,1,1,20150101,20151231
186139,0,0,0,0,0,1,1,20150101,20151231
186140,0,0,0,0,0,1,1,20150101,20151231
186141,0,0,0,0,0,1,1,20150101,20151231
186142,0,0,0,0,0,1,1,20150101,20151231
186143,0,0,0,0,0,1,1,20150101,20151231
186144,0,0,0,0,0,1,1,20150101,20151231
186145,0,0,0,0,0,1,1,20150101,20151231
186146,0,0,0,0,0,1,1,20150101,20151231
186147,0,0,0,0,0,1,1,20150101,20151231
186148,0,0,0,0,0,1,1,20150101,20151231
186149,0,0,0,0,0,1,1,20150101,20151231
186150,0,0,0,0,0,1,1,20150101,20151231
186151,0,0,0,0,0,1,1,20150101,20151231
186152,0,0,0,0,0,1,1,20150101,20151231
186153,0,0,0,0,0,1,1,20150101,20151231
186154,0,0,0,0,0,1,1,20150101,20151231
186155,0,0,0,0,0,1,1,20150101,20151231
186156,0,0,0,0,0,1,1,20150101,20151231
186157,0,0,0,0,0,1,1,20150101,20151231
186158,0,0,0,0,0,1,1,20150101,20151231
186159,0,0,0,0,0,1,1,20150101,20151231
186160,0,0,0,0,0,1,1,20150101,20151231
186161,0,0,0,0,0,1,1,20150101,20151231
186162,0,0,0,0,0,1,1,20150101,20151231
186163,0,0,0,0,0,1,1,20150101,20151231
186164,1,1,1,1,1,0,0,20150101,20151231
186165,1,1,1,1,1,0,0,20150101,20151231
186166,1,1,1,1,1,0,0,20150101,20151231
186167,1,1,1,1,1,0,0,20150101,20151231
186168,1,1,1,1,1,0,0,20150101,20151231
186169,1,1,1,1,1,0,0,20150101,20151231
186170,1,1,1,1,1,0,0,20150101,20151231
186171,1,1,1,1,1,0,0,20150101,20151231
186172,1,1,1,1,1,0,0,20150101,20151231
186173,1,1,1,1,1,0,0,20150101,20151231
186174,1,1,1,1,1,0,0,20150101,20151231
186175,1,1,1,1,1,0,0,20150101,20151231
186176,1,1,1,1,1,0,0,20150101,20151231
186177,1,1,1,1,1,0,0,20150101,20151231
186178,1,1,1,1,1,0,0,20150101,20151231
186179,1,1,1,1,1,0,0,20150101,20151231
186180,1,1,1,1,1,0,0,20150101,20151231
186181,1,1,1,1,1,0,0,20150101,20151231
186182,1,1,1,1,1,0,0,20150101,20151231
186183,1,1,1,1,1,0,0,20150101,20151231
186184,1,1,1,1,1,0,0,20150101,20151231
186185,1,1,1,1,1,0,0,20150101,20151231
186186,1,1,1,1,1,0,0,20150101,20151231
186187,1,1,1,1,1,0,0,20150101,20151231
186188,1,1,1,1,1,0,0,20150101,20151231
186189,1,1,1,1,1,0,0,20150101,20151231
186190,1,1,1,1,1,0,0,20150101,20151231
186191,1,1,1,1,1,0,0,20150101,20151231
186192,1,1,1,1,1,0,0,20150101,20151231
186193,1,1,1,1,1,0,0,20150101,20151231
186194,1,1,1,1,1,0,0,20150101,20151231
186195,1,1,1,1,1,0,0,20150101,20151231
186196,0,0,0,0,0,1,1,20150101,20151231
186197,0,0,0,0,0,1,1,20150101,20151231
186198,0,0,0,0,0,1,1,20150101,20151231
186199,0,0,0,0,0,1,1,20150101,20151231
186200,0,0,0,0,0,1,1,20150101,20151231
186201,0,0,0,0,0,1,1,20150101,20151231
186202,0,0,0,0,0,1,1,20150101,20151231
186203,0,0,0,0,0,1,1,20150101,20151231
186204,0,0,0,0,0,1,1,20150101,20151231
186205,0,0,0,0,0,1,1,20150101,20151231
186206,0,0,0,0,0,1,1,20150101,20151231
186207,0,0,0,0,0,1,1,20150101,20151231
186208,0,0,0,0,0,1,1,20150101,20151231
186209,0,0,0,0,0,1,1,20150101,20151231
186210,0,0,0,0,0,1,1,20150101,20151231
186211,0,0,0,0,0,1,1,20150101,20151231
186212,0,0,0,0,0,1,1,20150101,20151231
186213,0,0,0,0,0,1,1,20150101,20151231
186214,0,0,0,0,0,1,1,20150101,20151231
186215,0,0,0,0,0,1,1,20150101,20151231
186216,0,0,0,0,0,1,1,20150101,20151231
186217,0,0,0,0,0,1,1,20150101,20151231
186218,0,0,0,0,0,1,1,20150101,20151231
186219,0,0,0,0,0,1,1,20150101,20151231
186220,0,0,0,0,0,1,1,20150101,20151231
186221,0,0,0,0,0,1,1,20150101,20151231
186222,0,0,0,0,0,1,1,20150101,20151231
186223,0,0,0,0,0,1,1,20150101,20151231
186224,0,0,0,0,0,1,1,20150101,20151231
186225,0,0,0,0,0,1,1,20150101,20151231
186226,0,0,0,0,0,1,1,20150101,20151231
186227,0,0,0,0,0,1,1,20150101,20151231
186228,0,0,0,0,0,1,0,20150101,20151231
186229,0,0,0,0,0,1,0,20150101,20151231
186230,0,0,0,0,0,1,0,20150101,20151231
186231,0,0,0,0,0,1,0,20150101,20151231
186232,1,1,1,1,1,0,0,20150101,20151231
186233,1,1,1,1,0,0,0,20150101,20151231
186234,1,1,1,1,0,0,0,20150101,20151231
186235,0,0,0,0,1,0,0,20150101,20151231
186236,1,1,1,1,1,1,0,20150101,20151231
186237,1,1,1,1,1,1,0,20150101,20151231
186238,1,1,1,1,1,1,0,20150101,20151231
186239,1,1,1,1,1,1,0,20150101,20151231
186240,1,1,1,1,1,1,0,20150101,20151231
186241,1,1,1,1,1,1,0,20150101,20151231
186242,1,1,1,1,1,1,0,20150101,20151231
186243,1,1,1,1,1,0,0,20150101,20151231
186244,1,1,1,1,1,0,0,20150101,20151231
186245,1,1,1,1,1,1,0,20150101,20151231
186246,1,1,1,1,1,1,0,20150101,20151231
186247,1,1,1,1,1,1,0,20150101,20151231
186248,1,1,1,1,1,1,0,20150101,20151231
186249,1,1,1,1,1,1,0,20150101,20151231
186250,1,1,1,1,1,1,0,20150101,20151231
186251,1,1,1,1,1,1,0,20150101,20151231
186252,1,1,1,1,1,0,0,20150101,20151231
186253,1,1,1,1,1,1,1,20150101,20151231
186254,1,1,1,1,1,0,0,20150101,20151231
186255,1,1,1,1,1,0,0,20150101,20151231
186256,1,1,1,1,1,0,0,20150101,20151231
186257,1,1,1,1,1,0,0,20150101,20151231